3.00 22.27 0.43 23.62 21.64 22.21 17.71 0.34 18.85 17.19 17.67 193.27 0.98 0.01 49.35 1320.28 1276.24 1136.27 1449.17 791.49 1004.22
0.00 22.67 2.74 26.71 16.01 23.00 18.60 2.15 21.82 13.63 18.91 108.78 0.99 0.01 21.54 122.14 492.79 156.98 138.45 87.77 138.84
1.00 30.53 2.74 35.18 23.94 31.46 23.58 2.00 27.21 18.84 24.12 402.50 0.99 11.59 37.91 1601.68 2427.65 2480.34 2522.60 2301.81 1975.97
0.00 3.89 0.30 4.82 3.46 3.79 3.45 0.32 4.43 3.00 3.33 76.35 0.99 0.04 22.72 1421.20 1187.15 913.86 1381.22 1198.09 1508.03
1.00 10.46 0.15 10.85 10.16 10.45 9.63 0.13 9.97 9.36 9.61 75.09 0.98 0.00 36.38 186.32 179.19 173.40 201.82 155.08 182.54
2.00 12.07 3.79 17.49 6.60 12.21 11.31 3.60 16.49 6.08 11.50 234.37 0.98 4.39 39.21 1597.37 1737.97 1734.66 1979.50 2016.03 1797.00
1.00 10.30 0.88 11.83 8.60 10.47 9.82 0.85 11.31 8.17 10.01 146.44 0.98 0.16 30.91 1424.90 1565.58 1540.71 1548.56 1517.06 1451.52
2.00 9.66 0.33 11.00 9.10 9.64 8.98 0.33 10.30 8.45 8.95 105.44 0.98 0.05 32.23 897.75 1237.40 720.49 1645.58 1727.17 1793.90
0.00 5.59 4.09 14.53 2.34 3.27 4.94 4.15 13.99 1.65 2.63 91.52 0.98 0.01 23.33 1755.23 2013.37 1834.64 1780.21 1979.80 1926.11
2.00 21.39 0.64 23.03 20.23 21.34 18.17 0.63 19.82 17.11 18.09 185.82 0.98 0.02 74.90 2613.91 2414.92 2153.55 2347.77 2361.57 2822.69
1.00 7.68 2.23 10.25 2.27 8.71 6.89 2.12 9.35 2.01 7.92 65.09 0.98 0.00 37.95 2141.31 2291.41 2346.18 2464.97 2339.67 2396.65
1.00 11.54 2.11 14.00 6.70 12.28 10.73 1.95 13.14 6.23 11.36 174.10 0.98 2.40 41.77 399.72 1367.96 1899.39 1664.81 1784.60 1175.89
1.00 6.69 0.64 7.64 5.39 6.90 6.09 0.59 7.04 4.85 6.28 105.78 0.98 0.85 36.42 2267.45 2399.18 2260.32 2269.69 2051.21 1560.59
2.00 10.20 0.41 11.04 9.06 10.32 8.73 0.41 9.68 7.58 8.85 181.84 0.98 0.03 65.94 1861.58 1187.58 452.18 889.11 1557.93 1325.20
2.00 20.58 0.51 21.76 18.97 20.56 17.80 0.49 18.90 16.39 17.80 204.00 0.98 0.19 67.80 439.78 1082.64 752.38 641.97 1014.95 792.86
2.00 5.18 0.32 5.55 4.45 5.32 5.76 0.20 6.08 5.22 5.85 123.52 0.97 0.00 30.31 1416.19 1339.57 1549.76 1472.66 1400.36 1420.55
2.00 19.26 1.34 21.67 16.72 19.08 16.71 1.14 18.84 14.55 16.58 269.23 0.98 0.62 66.59 1164.75 1461.47 967.87 1548.99 872.48 613.32
3.00 21.17 0.46 22.29 20.30 21.16 18.41 0.40 19.41 17.65 18.38 269.12 0.98 0.25 70.56 893.63 1116.29 1133.58 970.82 693.82 1094.78
1.00 8.31 0.15 8.68 8.03 8.28 7.73 0.15 8.11 7.44 7.70 46.74 0.98 0.00 29.06 300.06 429.23 428.03 911.27 427.29 332.18
0.00 4.61 0.08 4.79 4.48 4.58 4.24 0.08 4.42 4.11 4.21 41.80 0.98 0.00 28.57 860.11 570.57 1032.30 725.15 619.15 644.53
1.00 3.50 1.11 5.06 1.62 3.72 3.14 1.14 4.76 1.21 3.41 146.88 0.98 0.08 18.83 1517.15 2108.29 2259.42 2248.53 1641.92 1809.46
0.00 11.67 1.05 14.63 9.74 11.37 10.61 0.98 13.27 8.77 10.32 150.68 0.98 0.67 40.71 1347.02 2288.63 2425.52 2175.54 2287.84 2326.08
1.00 8.65 0.41 9.66 8.10 8.63 7.71 0.42 8.81 7.14 7.70 83.86 0.98 0.01 31.28 1363.42 2166.58 2291.93 2270.44 2251.70 2238.64
1.00 7.76 0.27 8.91 7.32 7.71 6.63 0.28 7.72 6.12 6.59 92.64 0.98 0.02 34.64 2367.71 1303.97 1625.96 1673.30 1904.37 2119.12
1.00 13.02 0.36 13.97 12.38 12.96 11.71 0.35 12.60 11.08 11.66 91.27 0.99 0.01 46.28 1714.51 1827.16 1304.60 1255.31 844.70 1161.43
1.00 4.31 0.77 5.90 2.86 4.34 3.35 0.65 4.55 1.75 3.50 191.93 0.98 0.04 32.46 2513.55 2472.54 2711.34 2670.83 2577.70 2697.24
2.00 6.27 1.72 9.79 2.27 6.25 5.52 1.63 8.92 1.76 5.45 301.14 0.98 0.60 39.51 2547.00 2600.06 2465.03 2625.34 2642.02 2457.31
0.00 37.44 7.89 49.34 19.26 38.84 36.49 7.39 47.37 19.17 37.91 273.74 1.00 1.77 22.89 306.57 651.78 835.07 1054.16 1197.79 805.05
5.00 56.23 9.82 62.81 0.55 58.66 46.16 7.81 51.08 0.50 47.76 770.91 0.98 6.46 106.32 1447.60 2297.74 2226.71 2208.95 2139.37 2050.04
2.00 20.26 2.00 25.85 17.96 20.27 19.58 1.77 24.72 17.51 19.69 162.04 0.98 0.05 32.97 1407.61 1268.51 1215.94 1325.46 1421.71 1433.74
3.00 13.40 1.52 15.50 10.76 13.63 12.58 1.51 14.72 9.95 12.71 289.25 0.97 0.08 46.16 2383.14 2306.15 2421.55 1820.27 1936.42 1979.27
1.00 11.41 0.56 13.21 10.24 11.29 10.69 0.57 12.51 9.59 10.52 177.31 0.99 1.43 28.12 1762.24 1581.84 1511.61 1697.92 1246.84 1340.44
2.00 24.51 1.00 26.52 22.11 24.44 21.46 0.91 23.34 19.31 21.39 317.00 0.98 0.26 80.34 1970.90 1988.39 2100.28 2310.50 2070.76 1337.14
4.00 21.39 3.59 27.02 15.29 22.47 18.87 3.27 24.01 13.59 19.88 672.00 0.98 11.57 76.85 2251.85 2106.51 2334.75 2664.65 2582.19 2504.79
7.00 30.85 6.20 35.66 0.07 32.04 25.58 5.14 29.40 0.07 26.57 488.17 0.96 0.02 100.71 2064.53 2028.58 2053.15 2052.46 2174.75 2133.11
9.00 38.93 2.22 44.91 36.04 37.95 30.81 1.75 35.62 28.57 30.04 925.58 0.95 0.07 121.49 2554.51 2560.27 2548.68 2528.66 2525.38 2535.47
9.00 31.90 3.61 38.35 15.34 31.67 25.21 2.80 29.95 12.31 25.10 871.39 0.95 0.60 114.93 2491.11 2553.51 2575.71 2586.43 2651.33 2663.25
2.00 13.75 1.26 17.69 11.63 13.47 12.65 1.12 16.22 10.64 12.35 413.99 0.98 1.22 62.28 2412.52 2467.08 2547.50 2596.15 2609.36 2653.62
6.00 17.89 0.83 20.55 16.42 17.83 15.68 0.79 18.19 14.24 15.58 916.34 0.97 7.36 73.23 2444.21 2572.32 2681.35 2591.86 2555.39 2571.41
3.00 13.25 3.22 17.85 6.29 12.94 12.16 3.06 16.49 5.53 11.88 426.39 0.98 0.86 62.76 2475.50 2475.88 2598.74 1886.76 2410.92 2319.52
6.00 39.16 12.22 53.22 20.96 43.89 31.79 10.68 43.28 15.19 36.30 786.00 0.97 31.49 104.34 816.01 1286.90 1627.30 2022.81 1661.67 1853.54
2.00 24.73 1.13 27.85 22.61 24.50 22.05 1.07 24.99 20.07 21.84 307.71 0.98 0.13 55.11 1418.93 1224.38 1145.73 1187.94 1262.41 1257.97
9.00 22.05 0.94 25.74 20.45 21.87 19.95 0.73 22.52 18.77 19.80 697.97 0.86 0.41 58.48 2659.78 2734.97 2649.73 2723.31 2808.86 2782.50
9.00 26.64 5.83 42.90 19.43 24.95 23.13 4.05 33.72 17.36 22.23 1461.42 0.87 6.58 78.69 2653.16 3169.89 3025.24 2899.66 2856.21 2777.31
1.00 9.80 0.15 10.11 9.43 9.85 8.64 0.14 8.93 8.28 8.68 103.70 0.99 0.08 66.59 445.80 285.67 276.14 382.67 823.84 298.23
2.00 20.38 0.07 20.49 20.32 20.33 18.40 0.05 18.49 18.36 18.38 124.03 0.99 0.00 77.02 330.37 273.11 270.56 318.76 343.67 382.46
2.00 10.50 1.43 14.80 6.71 10.54 9.15 1.30 13.03 5.65 9.20 199.98 0.97 0.01 55.01 2023.48 2119.01 2066.32 2333.18 1790.09 1510.96
4.00 20.72 0.38 21.48 19.94 20.76 14.11 0.35 14.82 13.46 14.16 430.39 0.98 0.02 115.16 1352.05 1088.14 1670.75 1564.66 1725.06 1919.54
2.00 8.90 0.25 9.55 8.50 8.90 6.74 0.25 7.36 6.31 6.78 148.16 0.98 0.08 58.81 1681.40 1779.41 1797.13 2012.04 1891.06 1612.14
2.00 8.46 0.27 9.02 7.99 8.45 7.20 0.22 7.69 6.76 7.19 84.22 0.98 0.00 44.66 627.14 316.75 413.21 250.60 172.91 247.02
1.00 13.59 1.82 16.26 11.55 12.31 12.20 1.92 14.91 10.09 10.81 144.27 0.98 0.00 58.53 994.82 561.32 518.38 715.87 863.87 861.61
1.00 19.40 1.26 21.73 16.96 19.45 17.85 1.27 20.17 15.35 17.91 128.87 0.98 0.08 38.97 1886.94 1898.33 1736.97 1738.20 1546.11 1533.49
4.00 17.19 0.99 19.85 15.76 16.81 15.00 0.98 17.76 13.59 14.67 370.62 0.97 0.11 55.40 2523.59 2547.87 2502.52 2460.91 2388.37 2450.28
5.00 20.39 1.03 22.89 18.56 20.30 18.36 0.91 20.79 16.97 18.23 493.41 0.96 0.94 58.27 2340.51 2719.85 2533.21 2672.47 2285.78 2401.54
4.00 17.58 0.48 18.55 16.85 17.48 16.57 0.50 17.57 15.79 16.46 244.63 0.97 0.01 53.75 1815.40 1771.14 1738.55 1673.39 1487.85 938.83
6.00 25.52 0.80 27.77 24.27 25.38 24.29 0.72 26.26 23.06 24.16 517.70 0.97 0.15 67.70 1172.94 1490.28 1191.16 1074.22 1408.12 925.82
5.00 20.06 0.61 21.56 18.66 20.01 19.20 0.60 20.62 17.86 19.15 370.74 0.97 0.05 63.01 1210.11 1253.00 1198.36 1469.99 917.21 1152.36
2.00 10.47 1.23 13.63 7.96 10.74 9.28 1.16 12.28 6.94 9.54 235.28 0.97 0.30 46.71 1929.16 2073.45 2195.89 2233.09 2245.51 2434.46
3.00 15.61 0.19 16.17 15.29 15.58 14.28 0.18 14.81 13.99 14.25 164.00 0.98 0.04 52.49 647.13 599.85 529.88 456.34 570.42 506.31
2.00 18.29 0.22 18.81 17.64 18.29 16.54 0.21 17.03 15.93 16.53 236.49 0.98 0.04 73.82 504.15 942.82 677.49 699.90 429.30 572.42
3.00 10.20 1.34 12.62 7.71 10.03 9.54 1.34 11.97 7.04 9.37 299.74 0.98 3.25 38.00 1384.14 1348.30 1288.15 1754.78 1805.98 1640.30
2.00 7.10 0.64 8.96 5.37 7.10 6.67 0.62 8.49 5.02 6.68 227.39 0.97 1.57 30.16 1024.98 1105.19 1014.77 999.17 836.74 974.28
3.00 11.11 0.68 12.79 10.16 10.96 10.38 0.66 12.02 9.45 10.25 240.91 0.97 0.24 35.45 1103.52 1118.88 1164.48 1066.85 1044.22 1070.69
4.00 15.28 0.71 17.57 14.12 15.07 14.26 0.71 16.45 13.02 14.05 313.97 0.97 1.51 51.98 1650.49 1742.69 1713.58 1223.80 1934.02 1616.34
5.00 16.11 0.98 18.26 13.12 16.03 15.32 0.94 17.40 12.51 15.21 388.49 0.97 1.55 44.87 1564.19 1676.68 1366.45 1716.85 1717.43 1801.17
6.00 23.31 1.00 25.27 21.51 23.26 21.39 0.93 23.22 19.76 21.28 543.82 0.96 0.52 69.93 2546.11 2548.61 2569.16 2575.11 2582.27 2567.27
2.00 17.83 0.69 19.69 16.56 17.64 16.97 0.72 18.85 15.67 16.80 217.16 0.98 0.02 44.29 1270.47 1850.52 1760.39 1876.22 1672.38 1270.72
3.00 16.56 1.26 19.88 13.92 16.55 15.75 1.27 19.12 13.09 15.75 314.13 0.97 0.40 43.15 1847.30 1838.82 2028.85 1991.80 1941.65 1817.38
3.00 13.78 0.75 15.43 12.62 13.60 12.82 0.71 14.39 11.69 12.66 261.68 0.97 0.41 40.01 2041.09 2016.01 1849.85 2043.31 2074.64 2109.95
5.00 11.31 1.26 13.96 9.23 11.15 10.30 1.19 12.90 8.26 10.13 488.90 0.97 3.77 47.40 2453.52 2660.30 2668.07 2509.51 2635.26 2482.75
6.00 15.59 0.82 17.79 14.42 15.30 13.32 0.75 15.35 12.28 13.06 412.24 0.96 0.27 70.82 2502.40 2658.59 2572.98 2624.53 2751.14 2781.05
5.00 10.53 0.64 12.04 9.38 10.50 8.41 0.57 9.88 7.41 8.38 474.83 0.96 0.56 49.53 2273.46 2429.48 2243.97 2416.04 2272.32 2367.17
3.00 23.10 0.75 25.09 21.53 23.02 20.04 0.66 21.82 18.65 19.95 250.19 0.98 0.03 79.13 1620.16 1570.96 1600.03 1604.17 1569.28 1568.32
0.00 11.25 0.65 12.84 10.24 11.18 10.72 0.68 12.34 9.62 10.63 155.12 0.99 0.15 18.41 1264.98 1389.57 1508.75 1280.43 1280.62 1322.99
5.00 18.94 1.26 20.90 16.31 19.56 16.68 1.12 18.43 14.38 17.25 318.36 0.97 0.12 71.96 2658.93 2649.97 2808.53 2704.75 2455.29 2474.09
5.00 23.14 1.55 26.56 20.08 22.97 20.02 1.33 23.00 17.41 19.76 429.30 0.97 0.59 83.50 2762.39 2776.26 2750.84 2672.06 2812.86 2856.81
5.00 7.20 1.60 9.95 2.67 7.34 5.83 1.60 8.81 1.82 6.02 768.85 0.97 0.30 37.59 2824.46 2898.69 2662.03 2833.82 2551.67 2813.65
6.00 10.70 5.07 21.25 2.78 9.64 9.37 4.50 18.63 2.21 8.57 906.36 0.97 4.27 59.80 3201.20 2612.81 2310.74 2983.98 2345.55 2760.12
4.00 11.88 2.77 16.61 8.42 11.62 10.63 2.31 14.87 7.65 10.44 533.53 0.97 2.47 52.98 2559.03 1933.87 2022.69 2518.58 1584.58 2193.03
3.00 20.44 0.47 21.75 19.75 20.32 18.22 0.44 19.40 17.59 18.13 287.56 0.98 0.02 80.52 1822.34 1574.17 1714.84 1564.97 1668.54 1253.80
3.00 21.07 0.86 23.56 19.49 20.94 19.38 0.80 21.78 17.91 19.26 471.27 0.98 4.86 52.23 1571.05 1538.21 1586.05 1627.24 1631.55 1610.62
2.00 18.75 0.42 19.94 18.11 18.64 16.78 0.37 17.72 16.20 16.69 211.59 0.98 0.02 65.68 851.54 1114.26 1103.59 1030.57 1113.71 914.78
3.00 17.33 1.24 19.71 13.58 17.47 15.41 1.05 17.65 12.23 15.45 255.43 0.98 0.08 78.74 2197.59 2214.40 2059.03 2106.38 2402.94 2391.50
1.00 5.95 2.25 11.57 2.55 5.32 4.32 1.72 9.00 2.00 3.73 398.02 0.99 4.58 15.21 1630.51 1936.01 1739.08 1869.96 2110.75 2190.44
4.00 12.94 0.88 16.04 11.69 12.73 11.32 0.76 14.31 10.43 11.14 555.96 0.97 7.59 45.12 2237.57 2481.15 2252.91 2195.89 2361.23 2238.25
3.00 9.93 6.28 24.39 1.86 10.88 9.08 5.63 21.89 1.74 9.95 590.80 0.98 0.00 38.09 1288.22 1142.69 2169.66 2149.62 2729.08 2736.54
2.00 7.60 4.40 18.61 1.85 8.54 6.57 3.88 16.40 1.73 7.01 534.21 0.98 9.67 49.32 1582.70 1408.39 1097.68 1687.89 988.90 2650.67
1.00 12.30 0.54 13.23 10.91 12.39 11.67 0.75 12.95 10.09 11.54 122.50 0.98 0.38 38.17 687.24 467.31 609.97 360.61 346.15 364.40
1.00 12.30 0.53 14.12 10.80 12.28 11.96 0.61 13.20 9.94 12.04 144.86 0.98 0.23 26.50 1819.17 2014.88 811.96 1030.22 1051.03 790.72
1.00 12.30 0.88 14.31 9.13 12.47 12.42 0.84 14.37 10.15 12.43 151.65 0.98 0.08 30.64 1866.41 1658.87 1050.10 1178.53 982.48 1281.20
0.00 10.12 0.71 11.85 8.91 10.02 10.16 0.51 11.24 9.21 10.06 88.80 0.98 0.04 31.88 671.24 258.12 190.72 157.59 373.31 584.84
2.00 16.62 0.21 17.00 16.12 16.61 14.19 0.18 14.45 13.75 14.20 133.90 0.99 0.00 57.20 95.29 150.57 92.39 149.93 520.87 22.01
7.00 13.01 0.80 15.06 11.80 13.00 11.29 0.63 13.09 10.31 11.17 204.69 0.93 2.72 56.74 2033.13 1927.40 2087.55 1924.70 2022.41 1767.36
1.00 16.62 0.73 18.81 15.13 16.62 15.20 0.72 17.17 13.53 15.19 173.86 0.98 0.09 34.61 1322.49 1445.84 1387.12 1531.83 1436.97 1212.27
2.00 15.61 1.16 17.41 13.68 15.85 14.97 1.06 16.54 13.22 15.23 126.23 0.98 0.05 41.20 405.40 479.53 840.30 839.74 964.21 375.47
1.00 9.36 0.26 9.89 8.89 9.29 9.63 0.26 10.13 9.01 9.62 146.76 0.98 0.03 21.43 1048.46 1326.35 1377.84 1321.80 1106.72 1407.09
5.00 20.32 0.57 22.28 19.46 20.23 17.30 0.47 18.88 16.53 17.26 283.11 0.97 0.01 79.16 1010.22 1233.33 1262.49 1296.05 1394.19 1053.29
0.00 9.98 0.21 10.42 9.68 9.92 11.10 0.21 11.53 10.76 11.09 89.18 0.99 0.07 20.59 1121.21 893.84 920.37 1151.01 1145.56 881.76
1.00 13.40 0.81 15.32 12.16 13.26 12.43 0.75 14.00 11.32 12.34 103.72 0.99 0.02 46.01 322.49 243.82 558.02 652.90 726.60 561.87
2.00 12.77 0.41 13.66 11.86 12.83 11.90 0.44 12.74 11.13 12.00 89.07 0.99 0.00 45.43 397.34 421.99 390.47 575.61 380.72 395.84
1.00 3.13 2.44 13.69 0.47 2.79 2.85 2.47 13.31 0.39 2.34 183.47 0.98 0.04 11.54 1647.45 473.75 2764.12 3220.40 3020.76 2861.82
9.00 14.76 8.67 32.58 3.07 14.48 13.71 8.37 31.07 2.50 13.35 716.94 0.92 1.28 34.03 2343.36 3059.23 2411.47 2664.50 3107.08 1049.64
8.00 44.33 1.66 48.47 39.76 44.62 33.13 1.25 36.09 29.85 33.42 753.32 0.97 0.02 144.99 3148.23 2401.23 2430.53 2319.97 3246.18 3345.14
9.00 42.71 2.59 49.94 36.35 42.16 31.59 1.91 36.64 27.10 31.22 961.43 0.96 0.06 147.79 3252.10 3347.21 3373.64 3740.28 3681.51 3750.51
9.00 45.82 2.59 54.02 41.32 44.99 34.13 1.91 39.92 31.56 33.40 933.29 0.96 1.11 147.60 3751.78 3746.76 3703.79 3622.73 3655.90 3597.99
9.00 43.68 2.77 51.20 38.70 42.71 32.55 2.11 38.37 28.77 31.81 970.97 0.96 2.31 145.34 3638.73 3662.31 3688.21 3664.78 3654.60 3687.04
9.00 45.69 4.02 57.61 39.86 44.12 33.18 2.70 40.80 29.43 32.09 1221.28 0.96 5.89 153.40 3700.54 3699.07 3715.85 3734.73 3747.69 3761.16
9.00 38.55 2.56 46.16 34.37 37.60 29.16 1.97 34.81 26.16 28.44 930.44 0.96 0.20 139.35 3657.30 3692.11 3702.62 3694.37 3710.36 3644.98
9.00 39.81 2.65 48.47 35.96 39.05 30.29 1.98 36.78 27.57 29.67 872.96 0.96 1.34 138.23 3617.68 3653.85 3678.11 3696.79 3712.13 3719.55
9.00 45.37 3.88 55.06 38.31 45.56 34.51 2.78 41.35 29.75 34.41 1154.27 0.96 2.91 141.88 3735.66 3709.67 3697.74 3664.13 3704.17 3129.88
9.00 42.48 3.69 54.27 32.96 41.83 33.87 2.82 41.32 26.47 33.52 1020.35 0.95 0.22 125.99 3754.03 3046.74 3664.22 3532.99 3487.58 3580.65
1.00 27.28 3.15 30.17 0.00 27.64 24.95 2.88 27.78 0.00 25.27 109.15 0.99 0.00 47.45 415.66 106.51 0.00 0.00 189.94 0.00
5.00 38.37 4.96 51.09 26.47 38.91 33.18 4.04 41.75 22.69 34.25 541.71 0.98 0.00 78.04 889.40 1004.82 605.40 1689.99 596.45 760.33
2.00 34.84 3.16 36.78 24.11 36.04 30.03 2.58 31.54 21.21 31.00 273.35 0.99 0.01 77.63 1072.87 808.42 889.98 789.97 928.75 1108.75
2.00 9.69 0.71 11.20 8.56 9.59 8.49 0.72 9.99 7.28 8.36 177.70 0.98 0.14 49.87 2478.44 2282.15 2395.04 2563.04 2246.21 2141.15
2.00 19.15 0.96 21.40 16.97 19.02 16.94 0.95 19.18 14.88 16.77 167.14 0.98 0.04 59.40 2878.62 1916.77 2824.17 2925.41 2663.75 3055.89
4.00 38.40 1.89 43.73 34.54 38.47 30.74 1.96 35.32 26.72 31.21 568.76 0.98 1.66 127.47 3691.18 3660.37 3650.52 3628.92 3549.19 3418.48
4.00 20.15 6.79 43.99 7.79 18.46 17.12 5.56 37.00 6.79 15.47 484.33 0.97 1.14 76.48 3334.51 3263.96 3630.90 3592.24 3392.34 3429.52
4.00 15.03 0.79 16.97 13.18 15.09 12.40 0.78 14.19 10.63 12.46 434.16 0.97 0.79 82.18 3278.44 3230.03 3489.66 3456.12 3435.83 3454.36
3.00 26.39 7.26 31.73 13.09 31.02 23.90 7.13 29.02 11.02 28.48 257.30 0.98 0.01 76.86 1471.45 973.78 843.51 656.53 694.80 927.49
3.00 14.31 1.18 19.76 10.92 14.33 12.20 1.08 17.26 8.99 12.15 372.61 0.98 1.37 72.90 2984.07 2889.28 3412.68 3401.98 3350.32 3392.22
7.00 39.69 4.79 48.13 26.89 40.68 32.85 3.88 39.54 22.39 33.67 1134.17 0.96 8.67 115.31 2433.81 3414.38 3311.81 3373.28 2738.22 2587.54
0.00 16.87 5.93 25.11 3.99 18.60 17.14 5.93 25.88 4.02 19.22 120.35 1.00 0.00 7.66 55.59 150.98 74.61 1090.04 512.49 485.27
7.00 33.14 1.69 37.59 28.65 32.80 27.78 1.45 31.46 24.23 27.49 699.52 0.96 0.03 113.89 3399.56 3097.09 3097.38 3187.71 3217.94 3258.14
2.00 15.64 0.61 17.32 14.62 15.51 14.47 0.60 16.17 13.45 14.36 233.41 0.98 0.09 43.24 1593.96 1634.06 1723.82 1740.62 1827.36 1810.60
1.00 9.93 2.71 17.46 5.85 11.23 9.36 2.55 16.19 5.37 10.67 233.18 0.98 0.27 29.04 922.62 1274.26 1742.82 1684.98 1041.55 1166.82
1.00 32.79 1.30 35.07 29.86 32.82 30.64 1.23 32.78 27.82 30.64 178.61 0.99 0.05 54.87 2457.20 2653.72 2602.92 2585.21 2591.30 2505.13
3.00 25.32 3.88 31.83 13.64 26.22 22.50 3.67 27.78 11.13 23.41 594.90 0.98 1.56 89.15 3309.48 3236.52 3335.83 3387.68 3480.20 3162.51
0.00 22.26 0.47 23.47 21.50 22.31 22.66 0.46 23.97 21.89 22.63 117.81 1.00 0.37 10.99 219.52 218.61 220.16 217.88 216.54 216.03
1.00 25.01 2.37 26.90 16.17 25.63 22.95 2.17 24.70 15.05 23.43 184.51 0.98 0.03 51.96 1275.05 918.93 1590.68 325.55 914.64 967.32
1.00 31.74 8.35 46.77 19.56 26.51 28.71 6.59 40.58 17.77 24.75 232.74 0.99 0.55 53.57 1184.28 1545.11 1218.45 1521.68 734.52 0.00
2.00 19.19 1.45 22.60 15.33 19.38 16.79 1.24 19.69 12.40 16.97 370.29 0.98 0.45 78.54 3134.43 2411.06 2830.37 2799.70 2874.36 2656.62
2.00 55.87 0.70 59.19 55.28 55.70 34.34 0.57 37.75 33.71 34.23 478.09 0.99 0.00 98.28 2987.54 3058.05 2973.44 2843.51 2818.78 3300.95
7.00 16.69 17.72 43.96 0.00 0.51 13.49 14.21 34.71 0.00 0.43 864.17 0.97 0.00 70.89 248.40 1070.74 277.97 2470.65 121.82 35.09
7.00 17.42 3.93 26.78 10.31 17.22 15.90 3.92 24.34 8.33 15.96 801.41 0.95 2.80 64.14 3283.61 3414.97 3112.72 3045.78 3156.00 3164.39
1.00 9.52 2.37 11.11 0.00 10.19 8.46 2.11 9.97 0.00 9.05 103.33 0.99 0.00 47.14 2060.14 1349.86 1679.01 1807.24 1518.73 1345.82
3.00 12.41 2.41 29.04 1.18 12.45 10.36 2.07 24.52 0.85 10.38 345.82 0.98 0.21 88.81 2916.06 2678.41 2933.55 2529.63 2531.41 3132.84
6.00 28.14 1.60 31.09 22.00 28.19 21.61 1.08 23.74 17.71 21.67 910.75 0.97 11.46 138.06 2804.05 2732.28 2806.82 2793.13 2667.18 3330.12
2.00 7.73 0.34 8.53 6.91 7.71 6.44 0.31 7.14 5.67 6.40 230.67 0.98 1.03 68.87 1929.00 2285.16 2360.88 2245.51 1972.53 1865.11
1.00 8.43 1.64 10.76 5.53 8.99 6.65 2.20 9.58 3.12 7.66 228.22 0.98 0.06 43.12 1608.79 2031.14 2179.82 2264.92 2548.25 3381.39
1.00 10.07 2.58 13.51 6.13 11.40 8.84 2.56 12.38 5.10 10.32 223.05 0.98 0.94 35.84 1909.64 1532.80 2057.09 2211.45 2059.00 2173.13
3.00 10.70 1.53 13.05 7.74 10.83 8.47 1.64 10.96 5.28 8.65 413.91 0.97 0.74 67.95 2765.95 2659.29 2659.19 2397.92 2392.83 2211.55
5.00 23.03 13.00 46.88 8.77 18.76 19.61 10.72 38.79 7.60 16.09 453.05 0.97 1.84 78.84 3196.46 3106.08 3332.50 3134.07 2497.78 2425.37
7.00 33.74 2.87 40.41 22.07 32.74 25.91 2.85 31.98 17.17 24.67 753.22 0.97 0.14 130.92 3155.80 3311.39 3272.20 3028.25 2506.89 2563.14
5.00 16.42 10.56 38.19 6.74 10.11 13.67 8.61 31.63 5.45 8.66 551.56 0.97 0.69 77.35 2519.94 2665.70 2651.67 3087.54 3535.93 3185.39
6.00 18.02 5.10 29.37 9.57 18.26 15.16 4.10 23.88 8.12 15.73 554.10 0.96 4.23 92.99 3634.28 3605.56 3526.94 3501.32 3575.67 3444.54
3.00 18.65 1.03 21.20 16.05 18.58 16.62 0.98 19.13 14.17 16.56 347.72 0.98 0.88 81.89 2728.83 2837.59 2808.78 3384.61 3128.25 3050.84
3.00 25.88 1.27 28.38 23.16 26.11 21.61 1.14 23.82 19.28 21.75 435.05 0.98 0.05 111.64 3244.30 3401.58 3213.52 3276.78 3371.42 3427.20
5.00 22.39 8.05 37.50 7.67 25.23 18.60 6.34 30.02 6.11 21.23 543.38 0.97 2.56 102.75 3657.83 3697.17 3721.92 3648.87 3395.35 2949.01
2.00 5.40 2.13 8.01 1.87 6.41 4.45 1.98 7.60 1.37 5.00 379.81 0.98 10.24 41.40 2338.70 2437.85 2873.64 2741.42 3373.40 3238.23
9.00 27.85 10.98 49.92 17.05 21.59 22.55 9.93 42.30 13.30 16.53 1123.42 0.95 1.63 117.10 3202.72 3304.33 3409.86 3140.94 3409.87 3272.28
5.00 22.28 0.80 24.73 20.87 22.08 17.90 0.72 20.01 16.60 17.75 499.69 0.97 0.02 116.08 2616.40 2550.90 2455.43 2747.48 2980.29 3217.22
3.00 22.12 0.95 25.09 20.71 21.82 19.62 0.91 22.45 18.28 19.34 211.51 0.98 0.03 66.42 2882.05 2779.96 2728.17 2531.37 2369.61 2303.97
3.00 22.08 0.83 24.66 20.48 21.87 18.91 0.75 21.16 17.51 18.71 259.49 0.98 0.05 77.49 2858.44 2980.11 2283.96 2741.73 2871.37 3036.72
2.00 17.16 0.80 19.74 15.73 17.16 14.90 0.61 17.07 13.85 14.86 197.81 0.98 0.05 62.84 2967.56 2979.96 2872.73 2841.22 3072.78 2990.45
2.00 11.87 2.35 17.83 8.67 11.31 10.46 2.39 16.37 7.18 9.81 151.96 0.98 0.85 46.82 3104.83 3310.36 3309.88 3345.85 3439.98 3448.14
3.00 18.44 0.97 21.26 16.31 18.43 15.78 0.65 17.88 14.42 15.71 373.09 0.98 0.04 78.29 2311.07 2473.51 2568.59 2671.64 2674.57 2775.21
3.00 27.92 4.50 35.33 14.03 29.59 23.72 3.86 29.80 11.54 25.18 453.81 0.98 0.72 103.59 3226.72 3198.12 3460.17 3452.73 3471.80 3908.41
2.00 11.00 0.28 11.62 10.23 11.13 9.68 0.28 10.24 8.92 9.81 119.71 0.98 0.00 47.30 470.12 451.51 286.19 256.41 548.05 728.28
2.00 21.90 1.54 25.29 14.94 22.01 19.26 1.33 22.32 13.25 19.39 242.26 0.98 1.22 62.92 2664.61 2143.22 1983.33 1440.11 1647.10 1121.01
1.00 10.70 0.49 11.61 9.76 10.55 9.35 0.40 10.12 8.51 9.24 129.92 0.98 0.05 48.19 881.85 735.49 668.11 1135.06 377.42 298.80
5.00 23.33 10.11 38.30 0.40 24.89 19.69 8.49 30.73 0.38 22.83 575.20 0.97 5.79 75.80 1149.30 2801.43 2720.88 3028.00 2216.63 2538.09
9.00 42.56 4.15 53.16 34.43 42.64 38.87 3.66 48.11 31.20 38.62 707.52 0.95 2.04 64.65 1733.81 896.94 1763.71 1652.19 1579.73 1017.85
6.00 22.68 5.89 32.71 13.40 25.07 21.36 5.69 30.79 12.40 22.59 379.82 0.97 8.06 41.68 2086.21 2045.46 1892.73 1850.05 1861.80 1931.12
7.00 36.87 4.99 43.54 22.70 38.88 32.99 4.48 38.18 20.61 35.12 630.74 0.98 2.38 75.60 1994.50 2131.53 2139.90 1921.82 1548.90 1478.86
5.00 39.70 1.30 42.37 32.25 39.83 34.77 1.18 36.97 27.54 34.91 331.94 0.98 0.01 91.94 1915.73 1814.15 1704.55 1701.66 1821.09 1078.87
9.00 17.12 1.50 18.89 15.07 16.35 16.13 1.57 17.94 14.07 15.25 83.69 0.96 0.01 34.84 208.78 642.68 525.61 505.19 533.28 603.99
9.00 36.38 0.99 37.68 33.93 36.45 32.42 0.94 33.61 30.13 32.51 335.46 0.97 0.07 71.68 1166.73 976.16 1155.18 1149.28 523.90 1162.74
7.00 27.20 0.85 29.16 22.28 27.10 24.85 0.82 26.47 19.46 24.76 448.15 0.96 0.05 71.34 1378.05 1242.20 1677.31 1417.43 1746.76 1632.24
9.00 31.30 0.16 31.91 30.93 31.25 29.98 0.12 30.45 29.67 29.95 129.74 0.96 0.01 42.20 309.33 596.22 291.52 240.55 288.09 478.49
6.00 44.66 0.51 46.30 43.39 44.59 39.66 0.42 40.97 38.53 39.62 370.01 0.98 0.01 80.69 1233.82 786.44 981.04 997.59 1013.38 406.13
3.00 24.34 1.38 26.71 22.31 24.07 21.30 1.38 23.56 19.30 20.94 211.61 0.98 0.01 66.78 614.62 765.61 635.18 949.18 675.59 730.46
9.00 35.19 2.43 39.57 29.64 35.68 32.10 2.34 35.92 26.17 32.83 1078.82 0.95 33.25 62.81 2165.10 2049.41 1873.62 1859.53 1756.94 1993.24
7.00 20.60 0.97 23.00 18.96 20.38 18.95 0.90 21.18 17.42 18.82 443.60 0.96 1.75 48.18 1873.68 1913.64 1887.45 1923.36 1816.85 1775.06
5.00 16.83 0.51 18.07 15.74 16.87 14.61 0.44 15.64 13.58 14.66 182.29 0.97 0.01 61.54 912.01 420.04 941.47 1045.86 1558.21 1285.33
7.00 19.70 0.69 21.63 18.52 19.55 17.24 0.62 18.93 16.23 17.10 340.65 0.97 0.16 60.77 1216.67 1457.28 1279.22 1254.95 1116.15 1379.77
5.00 16.85 0.76 18.88 15.53 16.54 15.06 0.69 16.91 13.96 14.78 252.76 0.97 4.09 55.90 1896.88 1975.64 2027.88 2063.27 2018.51 2064.45
5.00 15.80 0.63 17.83 14.52 15.66 13.86 0.53 15.57 12.71 13.77 250.58 0.97 0.04 63.37 1942.48 1962.60 1972.11 1945.11 1939.73 1959.63
9.00 15.52 0.50 17.44 14.65 15.41 13.94 0.42 15.52 13.22 13.83 179.02 0.94 0.01 48.08 1462.98 1268.90 1328.52 933.27 1092.44 678.77
9.00 12.70 2.85 19.87 6.86 11.99 11.42 2.47 17.54 6.03 10.93 272.21 0.95 0.06 47.08 1769.01 1546.81 1702.50 1965.55 1962.51 1988.66
7.00 32.95 7.67 45.47 21.70 31.00 29.27 7.08 40.52 19.17 26.78 542.07 0.97 2.48 73.82 1933.83 1829.17 1696.50 1775.71 1942.93 1946.50
6.00 36.11 5.35 45.37 30.00 33.68 31.15 5.38 40.06 25.43 28.49 552.14 0.97 0.35 97.55 2052.95 2086.97 2098.13 2103.13 2093.26 2120.05
7.00 43.55 0.48 44.82 42.52 43.53 39.64 0.37 40.59 38.80 39.61 265.15 0.97 0.00 72.56 1047.76 1185.18 815.54 1089.68 1309.34 1200.94
7.00 33.20 1.86 35.47 18.89 33.32 30.57 1.88 34.17 16.12 30.73 292.32 0.97 0.01 63.17 1288.28 1570.41 1608.70 1804.97 1821.21 1791.08
5.00 41.07 1.22 43.87 39.18 40.61 36.34 1.06 38.90 34.88 36.09 550.15 0.98 0.29 84.27 1528.87 1466.28 1576.80 1563.74 1439.86 1458.32
3.00 23.33 1.12 24.97 20.86 23.62 21.35 1.12 22.93 18.88 21.66 256.82 0.98 0.02 54.30 1326.21 1412.13 1481.64 1431.04 1372.23 1366.91
7.00 27.70 4.22 38.97 19.79 26.64 26.33 3.69 35.83 18.37 25.34 398.97 0.96 3.75 43.95 1890.76 1716.93 1669.32 1702.28 1683.91 1653.67
9.00 33.50 5.55 44.89 26.46 30.83 30.07 5.30 40.69 24.08 27.44 960.77 0.93 13.56 75.36 2128.31 2146.07 2146.70 2141.77 2055.68 2107.09
7.00 25.21 1.19 28.88 23.05 25.06 22.91 1.11 26.13 20.87 22.78 546.58 0.96 0.12 60.80 2028.65 1966.35 1943.59 1886.79 1758.61 1376.35
6.00 35.86 0.19 36.66 35.30 35.87 34.24 0.15 34.76 33.73 34.23 162.44 0.97 0.01 49.31 246.94 935.06 1260.52 1277.46 1437.29 1188.77
7.00 24.80 4.33 28.08 17.69 27.48 22.92 4.36 26.16 15.79 25.64 167.22 0.97 0.02 59.85 1506.40 1466.91 1524.78 1519.10 1520.19 1481.97
4.00 30.77 6.95 42.02 14.59 32.93 26.73 5.11 35.39 11.98 27.66 485.27 0.97 1.13 82.26 1901.22 2106.07 2131.72 2111.90 2095.39 1400.71
9.00 28.54 2.42 34.68 20.85 28.67 25.28 2.04 30.72 18.82 25.41 1049.64 0.94 0.06 73.45 3341.82 4074.63 3527.93 3685.99 3741.52 3947.47
9.00 24.68 2.10 31.88 19.64 24.99 21.35 1.48 26.46 17.62 21.43 1638.65 0.92 0.01 90.56 3820.31 3813.16 4655.05 4662.70 3642.51 3903.88
9.00 24.08 4.35 29.98 16.89 24.61 21.74 3.42 26.78 16.30 21.92 1217.94 0.95 2.82 57.05 3654.17 3841.90 5287.15 3390.29 3348.18 3297.42
9.00 26.88 1.95 31.57 22.44 26.71 23.13 2.01 27.57 18.81 23.25 1208.15 0.93 0.01 101.17 4229.90 4930.89 4254.07 3534.23 4113.14 4625.95
9.00 25.96 0.95 28.13 23.83 25.93 23.41 0.86 25.41 21.50 23.43 979.36 0.92 0.02 64.43 3822.19 4600.49 3771.66 3553.17 3484.74 3632.85
9.00 27.70 1.15 31.06 24.78 27.76 22.93 0.98 25.88 20.43 22.94 1522.27 0.94 0.15 87.45 3392.90 3303.80 2733.62 3073.15 3123.82 3079.75
9.00 30.99 2.79 41.46 26.54 30.16 27.32 2.26 35.32 23.61 26.58 1821.05 0.87 3.81 93.90 4310.20 4047.04 3884.74 3927.15 4197.64 4166.65
9.00 41.76 2.94 49.95 34.87 41.92 34.88 2.48 41.42 28.59 35.15 1184.70 0.93 0.27 106.44 2107.28 4027.24 3916.68 3926.15 4082.29 5905.47
9.00 63.06 6.67 74.59 46.49 63.63 47.49 5.52 58.09 34.95 48.11 1801.71 0.93 2.44 160.94 4485.25 3702.16 4051.07 5373.64 3816.38 5393.97
9.00 57.56 2.68 66.31 49.54 57.94 43.10 1.96 49.68 37.01 43.25 1827.94 0.96 0.03 155.77 4377.16 4643.95 4230.51 4462.07 4965.04 4673.66
9.00 32.32 5.37 41.84 22.79 32.91 28.31 4.50 36.79 20.31 28.79 895.69 0.95 1.73 80.42 3116.83 3794.59 3517.09 3708.31 3779.29 4003.62
5.00 20.95 2.16 27.37 17.42 20.77 17.98 1.87 23.52 14.99 17.82 518.85 0.97 0.72 73.19 1303.76 1377.90 1230.27 1151.43 1095.81 1159.96
2.00 8.32 1.39 10.36 5.85 7.89 6.86 1.12 8.48 4.71 6.58 344.24 0.98 3.72 55.78 2029.60 1361.08 1419.43 1978.17 1492.45 1296.92
6.00 12.41 1.07 14.40 10.28 12.44 10.73 0.98 12.68 8.74 10.70 486.62 0.96 0.59 69.10 2018.81 2414.85 2469.29 2512.78 2301.92 2271.51
8.00 25.44 1.94 30.51 20.96 25.57 20.69 1.63 25.12 17.11 20.74 965.67 0.95 0.04 115.08 2718.59 2366.05 2409.49 2063.29 2027.24 2575.04
4.00 22.57 1.28 25.34 19.05 22.66 18.63 1.05 21.01 15.52 18.72 317.46 0.97 0.84 97.93 1764.32 2333.24 2128.86 1994.63 2127.39 2392.75
1.00 11.73 1.17 13.99 9.30 11.80 10.67 1.05 12.77 8.45 10.70 124.45 0.99 0.01 40.73 736.06 1318.64 1076.91 1034.70 986.85 1053.94
4.00 11.74 1.22 13.69 9.38 11.93 10.57 1.08 12.41 8.44 10.69 181.94 0.97 0.00 39.56 966.27 1762.94 803.79 1168.87 915.27 1389.60
3.00 12.84 0.81 15.04 11.17 12.77 11.40 0.76 13.42 9.84 11.33 349.62 0.97 0.34 52.36 1498.48 1293.46 1274.45 1601.76 1028.39 1839.76
3.00 13.80 0.59 15.53 12.35 13.71 12.16 0.54 13.80 10.94 12.09 177.22 0.97 0.02 49.01 1056.23 1251.37 1298.27 1685.76 1045.39 1196.65
2.00 8.85 1.32 12.05 6.74 9.05 7.96 1.24 11.03 5.96 8.16 251.96 0.98 0.12 34.93 1199.70 1482.39 1501.54 1803.35 1390.38 1437.48
1.00 4.87 0.48 6.27 4.15 4.86 4.26 0.49 5.63 3.47 4.27 146.33 0.99 0.01 30.62 610.49 481.91 546.47 548.71 946.14 940.78
5.00 18.54 3.50 22.82 13.00 17.88 14.91 4.71 20.32 7.71 14.80 728.29 0.97 0.03 75.67 2866.39 2783.21 5434.73 4319.24 4634.05 4197.40
7.00 20.36 3.33 26.34 10.73 21.21 17.88 2.94 23.34 9.30 18.61 710.99 0.96 0.60 72.54 4365.84 4207.18 4201.23 4535.23 4288.97 4807.92
7.00 25.94 2.09 31.33 20.20 25.97 22.57 2.01 27.79 17.38 22.44 732.68 0.96 0.02 73.81 3988.27 3461.54 5352.28 3197.08 4420.86 3011.21
4.00 18.12 5.00 25.08 9.40 19.15 13.88 4.17 20.00 7.81 14.40 598.32 0.98 0.12 70.75 2049.80 2469.02 2747.18 3516.99 2988.55 1793.25
7.00 22.44 4.21 29.10 12.44 23.66 19.35 3.80 25.68 10.41 20.47 1038.75 0.97 0.12 93.54 5179.70 4574.11 3491.39 4383.57 6069.30 4881.36
6.00 24.19 2.08 28.06 19.56 24.44 20.47 1.89 24.28 16.46 20.60 781.64 0.97 0.59 91.97 3882.84 3041.02 4193.01 4934.28 4772.99 4642.06
6.00 26.83 1.46 28.59 21.10 27.41 20.59 1.38 25.02 17.57 20.43 495.24 0.97 0.01 70.73 2053.43 1953.05 1672.76 1744.91 2503.10 2333.78
6.00 26.42 4.40 31.85 12.92 27.69 22.65 3.84 27.45 10.80 23.75 820.48 0.97 0.37 88.90 5550.70 5520.65 4773.25 4565.38 5297.51 6547.57
5.00 22.94 0.80 26.84 22.20 22.59 20.26 0.39 21.68 18.95 20.41 397.72 0.97 0.00 78.31 7150.58 3483.76 4681.26 4696.37 4595.75 3441.75
5.00 20.38 3.19 24.05 11.87 21.63 17.38 3.05 20.73 9.17 18.66 561.71 0.97 0.06 106.95 2826.23 2806.62 2804.11 2727.80 2741.31 2765.32
5.00 14.71 1.42 20.22 12.06 14.52 11.40 1.36 17.18 9.07 11.19 560.18 0.96 1.23 108.83 3025.23 2952.27 2996.20 2972.87 2948.37 2965.33
1.00 19.06 0.94 20.84 16.27 19.06 17.33 0.78 18.57 15.73 17.51 454.22 0.99 0.20 30.09 573.81 630.69 842.89 706.06 777.68 754.57
5.00 18.51 5.24 23.71 8.94 21.03 16.79 5.48 22.10 6.89 19.26 464.55 0.96 0.03 85.28 2839.61 2785.58 2881.15 2878.44 2870.62 2888.03
4.00 10.44 2.47 13.21 5.85 11.50 8.29 2.50 10.74 3.61 9.55 372.96 0.97 0.03 78.46 2999.49 2823.44 2833.31 2524.53 2455.74 2735.95
4.00 17.65 3.14 21.31 10.84 18.99 15.13 3.17 18.54 8.17 16.61 551.43 0.97 5.05 102.47 2854.95 2880.55 2841.50 2795.52 2870.10 2771.23
4.00 20.07 2.32 22.79 14.25 21.11 16.76 2.23 19.26 11.38 17.79 379.59 0.97 0.03 111.43 2633.54 2819.30 2607.76 2420.97 2769.89 2735.85
3.00 6.43 0.55 8.15 5.61 6.30 4.33 0.65 6.08 3.33 4.31 419.12 0.98 10.15 83.70 3076.96 2949.51 2929.54 2992.63 2984.24 2970.05
7.00 15.14 1.58 17.78 12.09 15.24 12.00 1.49 14.37 9.09 12.10 777.96 0.96 1.62 106.61 2847.61 2904.40 2827.44 2715.06 2448.78 2681.84
3.00 11.44 0.58 12.33 9.59 11.57 8.78 0.53 9.65 6.99 8.89 267.57 0.98 0.02 95.35 2635.73 2553.47 2689.71 2700.09 2851.64 2860.50
4.00 21.85 1.09 24.08 19.40 21.77 17.57 0.94 19.47 15.46 17.51 411.02 0.97 0.05 109.69 2658.12 2279.38 2547.57 2763.61 2673.59 2617.18
7.00 19.24 1.55 21.90 13.74 19.13 15.25 1.27 17.39 10.52 15.16 615.44 0.96 0.13 105.17 2732.91 2520.77 2572.41 2708.54 2829.30 2877.27
6.00 17.86 1.66 22.07 14.48 17.82 13.56 1.29 16.83 10.99 13.42 635.68 0.95 2.27 104.72 2756.57 2638.47 2880.53 2945.66 2914.15 2887.55
3.00 5.26 0.31 6.05 4.74 5.26 3.99 0.27 4.71 3.55 3.99 508.82 0.97 1.93 56.44 2944.66 2899.83 2915.78 2948.11 2830.02 2792.56
4.00 7.38 0.78 9.15 5.86 7.14 6.08 0.79 7.79 4.28 5.87 326.06 0.97 0.34 60.16 3030.28 2703.94 2843.73 2846.45 2650.40 2485.76
4.00 8.84 1.23 11.01 6.58 8.78 6.91 1.01 8.76 5.00 6.81 485.78 0.97 4.31 76.33 2711.17 2679.22 2778.09 2843.68 2800.78 2812.31
5.00 24.24 4.72 29.78 9.78 25.07 17.85 3.07 21.47 7.97 18.43 583.43 0.98 0.15 134.54 2367.84 2882.00 2901.07 2844.05 2691.36 2828.28
4.00 15.47 1.15 17.85 12.88 15.45 12.16 0.90 14.01 10.11 12.18 483.69 0.96 1.19 100.04 2773.02 2691.16 2867.71 2558.94 2511.30 2721.59
3.00 8.01 0.82 14.18 6.63 7.91 4.82 0.75 11.66 3.80 4.71 449.12 0.98 0.41 94.56 2870.68 2576.16 2789.43 2992.84 2813.89 2921.21
6.00 23.32 1.14 27.37 21.29 23.28 20.60 1.01 24.13 18.81 20.50 411.59 0.97 0.31 66.73 1298.10 1448.14 1374.25 1422.82 1442.28 1486.16
9.00 32.23 3.72 43.69 26.50 31.60 24.68 2.97 33.90 20.33 24.19 1283.36 0.96 2.20 132.51 2828.70 2828.34 2840.14 2860.64 2870.76 2879.36
6.00 21.68 2.25 28.18 17.26 21.63 19.32 1.88 24.79 15.51 19.21 437.80 0.97 2.76 61.20 1869.13 1903.31 1868.79 1617.58 1667.29 1654.72
7.00 25.56 2.93 35.60 20.71 25.32 22.74 2.62 31.80 18.75 22.57 550.19 0.96 4.90 60.71 2499.57 2642.67 2664.93 2657.82 2625.16 2671.48
7.00 29.12 1.68 33.65 25.73 28.64 26.19 1.53 30.26 23.01 25.80 549.52 0.97 2.03 66.27 2223.40 2330.14 1705.34 1866.35 1809.08 1989.01
9.00 26.84 1.86 32.92 23.77 26.29 22.99 1.60 28.36 20.29 22.49 915.08 0.95 1.20 75.72 2621.16 2623.23 2673.89 2683.78 2737.96 2726.63
9.00 23.83 2.85 33.01 19.60 23.23 19.76 2.45 27.71 16.21 19.11 1490.11 0.96 4.59 97.72 2234.08 2357.81 2351.86 2467.95 2539.43 2385.97
8.00 24.24 2.20 30.65 21.35 23.89 20.94 1.86 26.24 18.51 20.51 669.04 0.96 2.23 75.20 1888.66 1947.72 2004.89 1979.37 2109.06 2155.63
8.00 36.63 2.48 46.75 31.81 36.29 28.68 2.01 36.62 24.65 28.26 1191.46 0.97 0.37 138.45 2588.11 2465.04 2350.15 2364.55 2362.06 2357.83
9.00 27.70 1.50 32.93 24.85 27.19 24.47 1.31 28.82 21.98 23.96 571.87 0.94 2.30 74.52 2050.95 2140.93 2017.71 1862.32 1964.07 1936.01
9.00 34.39 3.34 44.70 28.93 33.48 28.79 2.93 38.13 23.67 27.96 1193.79 0.96 5.69 97.76 2837.26 2811.80 2833.74 2759.55 2776.26 2594.61
9.00 30.93 3.40 38.54 19.63 31.73 24.50 2.73 30.86 15.46 24.94 1155.08 0.95 0.25 125.99 2534.85 2795.99 2668.96 2374.35 2307.47 2167.40
9.00 26.84 3.87 36.44 19.13 26.99 22.45 3.25 30.73 15.93 22.48 918.02 0.95 5.02 95.23 2480.28 2564.94 2493.74 2540.53 2617.72 2489.75
9.00 22.09 2.08 29.37 18.74 21.83 18.95 1.72 25.01 16.00 18.69 932.56 0.93 7.14 78.32 2505.66 2414.08 2588.69 2608.28 2372.50 2511.32
9.00 27.20 2.36 34.31 23.51 27.29 22.08 1.98 28.26 19.00 22.05 902.31 0.96 1.41 111.03 2211.90 2244.37 2390.27 2415.01 2342.35 2362.08
8.00 30.62 2.56 39.11 26.24 29.85 23.81 1.99 30.51 20.65 23.27 1067.80 0.97 1.74 131.63 2600.43 2563.29 2557.41 2542.37 2566.27 2486.36
7.00 23.22 1.19 27.42 21.07 22.93 20.62 1.10 24.36 18.63 20.34 464.72 0.96 0.04 66.72 1576.82 1600.59 1544.45 1536.09 1566.05 1475.71
5.00 24.03 2.14 27.79 18.57 24.05 21.79 1.88 25.01 16.92 21.79 711.96 0.97 5.34 70.52 2712.29 2754.15 2778.73 2823.75 2831.80 2861.66
1.00 19.14 0.42 19.86 18.12 19.13 16.34 0.42 17.02 15.36 16.35 129.08 0.99 0.01 82.37 2445.16 1778.54 2433.82 2511.06 2032.39 1917.01
4.00 19.47 7.91 27.57 0.13 22.00 15.95 6.64 23.43 0.13 17.87 551.14 0.97 1.84 56.85 1174.37 1932.83 1672.27 1538.33 1656.86 1606.96
4.00 15.19 2.83 18.74 8.00 15.99 12.35 2.37 15.20 6.70 13.10 878.47 0.97 27.69 63.66 1559.56 1894.04 2308.18 2592.52 2570.09 2935.78
3.00 15.87 1.79 22.06 13.75 15.56 14.37 1.24 16.77 12.41 14.34 372.34 0.98 0.19 44.48 2249.67 1559.59 1465.27 1632.52 1480.74 1390.40
4.00 15.09 5.68 43.04 11.34 13.95 11.81 4.46 33.69 8.25 10.83 497.73 0.98 0.92 75.92 2361.17 2229.89 2392.08 2361.38 2276.73 2256.14
3.00 29.91 1.29 34.14 27.88 29.56 26.64 1.21 30.74 24.74 26.31 477.11 0.98 2.04 81.91 1411.98 1729.20 1702.80 1791.68 1745.41 1757.66
4.00 20.48 1.64 24.18 17.41 20.54 18.00 1.66 21.83 15.00 18.03 646.99 0.98 2.64 59.02 1851.15 1798.21 1809.10 1789.06 1825.44 1731.86
6.00 15.64 1.66 19.76 11.85 15.56 12.89 1.99 17.67 8.18 12.67 915.98 0.96 2.53 65.39 2834.65 2684.61 2721.38 2693.27 2683.27 2597.74
9.00 34.42 2.96 42.49 27.16 34.56 26.97 2.36 33.82 20.62 26.87 1908.74 0.93 19.05 148.75 3091.36 3132.91 3076.91 3136.17 3101.13 3011.49
6.00 20.29 4.33 30.78 11.33 20.16 18.07 4.29 28.98 9.31 17.88 1369.03 0.97 16.78 63.94 1423.75 1819.63 2734.80 2777.30 2380.43 2129.57
7.00 32.31 4.97 44.56 24.00 32.02 27.84 4.67 39.39 20.28 27.42 1520.38 0.98 16.24 114.06 2126.27 2445.40 2617.30 2677.99 2784.54 2828.99
8.00 30.23 4.90 43.66 21.08 29.41 26.06 4.63 39.03 17.39 25.25 1659.34 0.97 10.77 106.51 2817.02 2746.72 2636.30 2818.65 2668.50 2728.32
8.00 40.10 2.14 47.90 36.72 39.64 33.75 1.88 40.62 30.86 33.34 1627.16 0.97 3.79 103.05 1308.34 1222.87 1633.06 1764.46 1507.22 1350.32
9.00 17.14 3.28 31.15 12.88 16.29 13.18 3.11 26.90 9.26 12.41 1908.51 0.95 19.22 95.66 2824.65 2841.70 2831.94 2781.84 2605.90 2725.44
6.00 13.37 1.37 16.99 10.59 13.26 9.89 1.30 13.44 7.14 9.82 1294.08 0.97 14.69 77.77 2388.32 2493.14 2509.51 2572.36 2414.60 2701.34
9.00 30.59 2.98 43.05 26.55 29.45 24.79 2.67 36.14 21.17 23.94 2035.66 0.94 11.84 112.90 2530.11 2443.35 2224.67 2422.97 2408.04 2533.98
8.00 17.24 6.60 45.78 11.20 15.84 14.64 5.48 38.43 9.21 13.59 1036.46 0.96 6.68 67.22 2550.93 2489.60 2684.84 2618.34 2564.31 2764.40
2.00 20.75 3.98 30.35 16.08 19.73 19.30 3.26 27.84 15.67 18.25 444.12 0.98 0.27 44.54 651.91 523.34 1130.19 1380.45 1007.31 1570.20
2.00 8.80 0.87 11.09 7.17 8.66 7.51 1.03 10.06 5.69 7.25 524.02 0.98 2.90 39.24 1625.06 1838.71 1829.30 1817.88 1654.11 1857.09
2.00 3.50 1.29 5.56 0.00 3.73 2.76 1.09 4.42 0.00 3.02 197.26 0.98 0.49 12.19 1884.73 1808.07 2087.58 1983.88 1836.55 1611.29
0.00 3.67 0.69 6.08 0.23 3.79 2.95 0.66 5.56 0.10 3.10 122.00 0.99 0.73 15.34 1464.24 1874.12 1818.50 1935.69 1999.49 1772.91
1.00 7.78 8.53 20.65 1.51 2.29 7.23 8.34 19.87 1.16 1.88 147.54 0.99 2.81 18.50 1717.01 1821.51 1601.61 1763.52 1739.88 1612.75
1.00 2.51 0.42 3.38 0.05 2.53 1.97 0.37 2.88 0.00 1.98 117.33 0.98 0.25 18.05 2040.28 2113.51 2150.75 2091.34 1856.58 2088.45
0.00 4.79 0.29 5.32 4.23 4.77 4.40 0.30 4.97 3.75 4.38 115.95 0.99 0.99 14.65 1529.12 1327.62 1430.39 1275.70 1820.83 1189.85
2.00 4.63 0.19 5.02 4.23 4.61 3.76 0.15 4.05 3.38 3.76 72.56 0.98 0.01 31.51 1311.36 1902.32 1553.00 1672.55 1613.71 1872.09
9.00 3.42 0.18 3.86 3.04 3.40 2.63 0.16 3.04 2.24 2.63 43.73 0.97 0.01 14.62 923.84 1489.76 1075.31 1175.68 1285.88 975.29
2.00 5.40 0.58 6.82 4.30 5.33 4.51 0.55 5.77 3.28 4.49 241.13 0.97 2.35 39.35 2436.47 2479.74 2383.31 2503.29 2581.00 2746.78
9.00 3.68 0.66 4.69 1.47 3.67 2.80 0.51 3.57 0.98 2.82 107.39 0.96 0.02 21.07 1613.00 1809.01 1750.68 1868.53 1848.16 1733.58
7.00 9.51 1.69 12.12 3.59 9.56 7.52 1.54 9.62 1.49 7.62 738.12 0.95 3.15 65.22 2814.90 2791.73 3234.26 2674.01 2746.95 2754.93
1.00 4.41 0.87 6.80 3.30 4.13 3.68 1.01 6.29 2.54 3.48 212.28 0.98 2.13 16.93 2138.37 1953.47 2357.57 2168.22 2101.41 1813.17
7.00 4.74 0.56 6.43 3.76 4.56 3.61 0.51 5.15 2.70 3.42 175.95 0.92 5.24 29.95 2263.72 2355.67 2421.32 2396.02 2350.56 2383.88
8.00 8.01 1.07 9.26 2.53 7.99 7.06 0.96 8.21 2.17 7.07 187.44 0.96 1.04 39.02 2187.26 2019.82 1947.70 2142.27 2204.35 2254.79
2.00 7.36 1.01 9.41 4.96 7.55 6.26 0.95 8.08 4.04 6.47 287.66 0.98 3.69 33.12 2020.71 2046.10 2096.90 1907.01 1861.27 2114.12
6.00 13.41 1.76 18.79 10.27 13.17 10.35 1.47 15.00 7.69 10.25 988.74 0.96 1.41 92.03 2985.14 2937.21 3020.49 2984.62 2944.80 3000.83
6.00 30.88 4.97 45.74 24.61 28.99 27.11 4.47 40.35 21.36 25.56 933.50 0.98 4.42 114.82 2780.67 2912.45 2757.21 2688.06 2808.40 2641.02
6.00 18.94 5.79 27.03 5.11 21.66 17.49 5.38 24.81 4.66 20.04 916.53 0.97 6.14 67.60 2126.44 2411.07 2235.25 2653.94 2208.77 2233.32
1.00 7.86 3.73 39.08 5.11 7.72 6.96 3.33 34.46 4.09 6.89 213.78 0.99 0.13 31.14 2574.05 2169.87 2171.95 2146.70 2294.62 2350.14
5.00 29.78 3.24 33.64 10.46 29.97 25.99 2.71 29.20 9.58 26.18 631.39 0.97 3.82 98.99 522.20 1337.43 1717.78 1664.29 1079.98 728.49
8.00 24.51 6.77 40.65 12.21 21.10 22.91 6.70 38.90 7.24 19.66 945.28 0.97 1.70 73.06 2266.52 2593.87 2406.20 2335.00 2389.74 2421.07
3.00 7.40 0.43 8.62 6.73 7.34 6.56 0.40 7.74 5.95 6.50 84.15 0.97 0.00 38.65 893.96 1639.53 1721.97 1650.48 1637.10 1559.83
1.00 6.87 1.22 8.75 4.23 7.28 5.53 1.22 7.44 2.88 5.87 251.25 0.99 0.31 53.82 2640.20 2554.31 2585.67 2676.94 2705.87 2609.03
2.00 6.18 0.69 7.64 4.30 6.15 4.36 0.67 5.71 2.46 4.38 192.82 0.98 0.03 63.66 2791.38 2831.15 2995.15 2960.44 2651.98 2795.75
3.00 10.37 3.08 14.74 5.37 11.11 7.49 2.92 11.43 2.79 8.21 579.80 0.98 6.88 96.52 2931.02 3014.16 3042.17 3032.89 2996.93 2978.53
1.00 4.55 0.54 5.52 3.62 4.63 3.28 0.52 4.19 2.40 3.37 190.97 0.98 0.14 33.54 2786.01 2569.47 2567.92 2556.07 2539.62 2591.61
1.00 9.64 0.55 11.17 8.52 9.65 9.00 0.53 10.31 7.93 8.98 183.59 0.99 0.16 44.38 1929.92 2205.19 2232.85 2244.08 2337.01 2417.17
1.00 4.77 1.68 10.82 2.24 4.92 4.26 1.65 10.10 1.66 4.42 159.00 0.99 1.62 24.51 1183.08 2086.36 1596.27 2138.19 2429.86 1789.46
2.00 7.87 3.18 18.02 3.15 6.86 7.23 3.22 17.44 2.39 6.23 377.11 0.98 2.42 33.59 2617.79 2807.83 2812.58 2537.54 2452.83 2394.27
2.00 7.69 0.94 10.28 5.91 7.55 6.79 0.90 9.29 5.02 6.71 339.57 0.98 0.47 26.90 1939.93 1462.58 1516.19 1335.90 1304.26 1442.72
6.00 9.38 1.01 11.51 7.28 9.16 7.58 0.90 9.67 5.80 7.42 813.42 0.96 6.23 71.36 2768.13 2831.19 2827.34 2913.43 2889.79 2815.72
6.00 8.78 0.95 11.53 6.79 8.80 6.99 0.85 9.51 5.27 6.98 797.82 0.96 7.13 70.69 2848.00 2860.28 2719.99 2919.97 3030.02 2667.00
5.00 12.03 1.24 14.75 9.77 12.05 11.05 1.18 13.67 8.90 11.13 636.35 0.96 7.96 39.82 2132.61 2089.17 2084.05 2049.00 2011.92 2095.66
2.00 13.65 4.02 23.51 6.10 14.31 12.99 3.89 22.29 5.56 13.72 207.35 0.98 2.16 39.90 1753.93 1862.42 1944.98 1964.50 1787.36 1702.29
2.00 15.45 0.31 16.01 14.76 15.38 12.28 0.28 12.75 11.60 12.21 214.43 0.98 0.01 94.34 1147.98 2035.44 1264.51 753.33 431.64 2176.70
3.00 16.66 1.32 24.89 13.03 16.48 15.20 1.38 24.16 11.70 15.03 267.21 0.98 0.02 79.60 756.27 1454.09 1432.03 1243.80 1397.63 1613.19
6.00 11.46 1.24 14.66 8.36 11.40 10.31 1.24 13.84 7.26 10.23 712.24 0.95 2.81 46.21 2544.65 2503.18 2689.51 2624.28 2724.39 2781.53
9.00 19.32 1.42 22.55 14.58 19.29 18.28 1.39 21.14 12.98 18.33 744.23 0.92 2.71 33.95 1843.46 978.42 979.26 1109.94 1222.77 1112.77
5.00 43.26 18.72 61.51 13.28 51.34 37.47 15.61 52.50 12.10 44.80 656.51 0.97 5.11 91.34 1862.27 1639.20 1614.56 1226.91 2135.03 2616.42
6.00 11.29 2.40 14.63 4.47 12.21 10.59 2.58 13.58 3.38 11.69 404.37 0.96 0.03 42.79 453.06 538.39 1234.22 1742.22 2073.01 2131.82
9.00 17.15 1.37 21.75 14.61 17.04 15.17 1.29 19.62 12.86 15.10 1455.00 0.93 7.66 66.07 2718.67 2784.66 2826.91 2863.36 2921.21 2855.12
5.00 33.04 2.46 36.13 22.79 33.43 28.24 2.06 31.08 20.59 28.51 595.02 0.98 0.65 107.69 1080.61 887.92 760.32 842.46 798.21 832.96
9.00 25.09 4.15 36.38 18.52 24.45 21.47 3.63 32.56 15.57 20.69 1914.74 0.95 14.04 103.24 2897.58 3084.24 3104.69 3051.95 3054.29 3018.90
5.00 26.13 0.93 29.10 24.61 26.16 21.47 0.70 23.96 20.36 21.43 649.66 0.97 15.47 105.00 723.10 1322.84 1372.55 1940.60 1473.77 1461.66
9.00 15.07 5.95 33.61 5.73 16.96 13.99 5.65 30.24 4.97 15.96 741.92 0.94 0.50 36.09 1550.31 1779.17 1681.17 1680.98 1785.58 1496.69
5.00 16.57 3.39 20.83 4.15 17.84 15.25 3.34 19.36 3.05 16.66 762.59 0.97 0.87 67.37 2390.90 2389.87 2299.42 2357.84 2707.57 2440.44
3.00 8.94 3.66 16.18 2.83 8.87 7.64 3.09 13.92 2.45 7.79 428.84 0.97 1.70 52.34 2001.12 2150.19 2279.65 2455.17 2562.76 2873.52
3.00 12.94 2.75 18.36 8.76 12.98 11.97 2.51 17.04 7.97 11.89 326.81 0.97 3.87 45.44 2428.27 1874.46 2288.94 2007.47 2488.64 2467.24
1.00 15.45 2.11 20.11 13.63 14.97 13.42 2.05 17.90 11.76 12.85 122.68 0.98 0.04 65.96 431.45 576.34 673.82 307.28 478.20 170.45
4.00 11.92 2.80 20.12 7.55 11.14 10.12 2.18 16.57 6.64 9.57 473.73 0.97 3.29 73.49 2768.17 2736.97 2426.49 2586.15 2434.55 2692.19
2.00 14.79 0.18 15.34 14.37 14.82 13.15 0.16 13.63 12.75 13.17 102.83 0.98 0.00 54.63 812.09 870.00 543.80 644.18 645.85 536.17
1.00 9.86 0.37 10.87 9.00 9.88 9.07 0.34 9.99 8.20 9.09 127.08 0.98 0.36 42.74 2320.43 2238.79 1003.88 963.76 1078.75 1367.36
2.00 16.68 0.77 18.44 14.93 16.88 14.96 0.68 16.54 13.42 15.12 190.62 0.98 0.08 58.05 1640.71 1589.49 1384.37 1181.09 1352.61 882.19
2.00 10.12 0.27 10.85 9.38 10.15 8.84 0.25 9.52 8.16 8.86 97.77 0.98 0.01 46.65 461.51 628.45 883.34 630.01 517.65 580.73
2.00 17.00 0.47 18.02 15.91 16.93 14.54 0.36 15.23 13.62 14.53 222.45 0.98 3.41 64.25 419.37 888.25 838.38 918.64 990.08 354.01
2.00 9.43 1.60 12.51 5.71 9.85 8.51 1.62 11.41 4.98 8.76 191.29 0.98 3.36 35.99 2163.19 2365.28 2369.56 2251.29 523.52 530.55
0.00 6.55 0.13 6.88 6.17 6.56 6.01 0.13 6.33 5.67 6.00 66.75 0.98 0.01 30.90 508.68 827.87 789.46 679.73 1101.16 468.02
2.00 8.31 1.20 10.63 5.94 8.49 7.56 1.11 9.68 5.34 7.73 241.32 0.97 0.26 37.01 1962.47 1733.70 2047.53 1932.11 1697.97 1633.20
2.00 17.40 1.54 19.86 13.66 17.93 15.44 1.34 17.55 11.97 15.86 250.96 0.98 0.23 68.02 1358.23 1815.76 1288.41 1687.20 870.62 2205.16
6.00 18.48 3.87 27.13 12.74 17.09 15.75 3.18 22.97 10.94 14.62 535.09 0.96 0.50 75.54 2425.88 2318.68 2403.52 2373.86 2459.52 1989.54
3.00 28.86 1.20 31.79 21.31 28.94 23.99 0.98 26.33 17.57 24.06 369.47 0.97 0.10 94.76 1531.23 2027.15 1979.01 1930.19 1639.15 1610.50
5.00 18.17 2.18 23.19 13.27 17.96 15.35 1.89 19.83 11.07 15.15 522.63 0.97 1.77 74.92 2462.78 2512.76 2469.10 2417.32 2478.32 1977.70
4.00 17.19 2.40 25.81 12.47 16.62 15.22 2.13 22.84 11.16 14.67 430.46 0.96 3.78 58.03 2169.21 2166.49 2059.88 1894.80 2138.66 2350.73
1.00 21.70 0.35 22.66 20.90 21.67 19.30 0.29 20.12 18.63 19.28 146.82 0.99 0.02 54.75 195.61 126.86 143.90 199.44 290.27 310.74
1.00 12.92 0.65 15.55 11.08 13.08 11.34 0.59 13.51 9.64 11.49 156.69 0.98 0.03 50.54 1687.08 1537.22 708.79 748.27 435.82 903.86
2.00 14.39 1.43 17.84 10.83 14.46 12.36 1.28 15.47 9.27 12.40 324.57 0.98 0.09 62.20 2233.22 2324.04 2256.20 2588.51 2125.66 2349.78
2.00 15.29 2.66 21.34 9.66 14.82 13.22 2.65 19.04 7.61 12.80 345.34 0.98 0.46 73.14 1462.73 1779.72 1466.82 1598.92 1588.42 1912.65
6.00 32.21 1.66 37.31 28.83 32.05 26.06 1.39 30.61 23.46 25.90 817.28 0.97 5.68 107.68 2971.83 3056.23 2996.16 2661.28 2899.57 2711.13
3.00 11.27 1.92 15.86 7.37 11.20 9.69 2.09 14.64 5.49 9.54 387.66 0.98 1.45 60.88 1573.74 2194.24 1825.17 2597.94 2273.09 2251.16
6.00 31.06 12.97 41.97 0.25 35.96 23.82 9.92 33.14 0.22 27.75 805.63 0.97 0.45 115.47 0.00 2477.95 2757.85 2899.04 2858.76 2830.23
7.00 24.14 1.36 28.05 22.29 23.81 19.00 1.14 22.45 17.55 18.63 602.72 0.96 0.18 117.03 2960.56 2949.86 2975.49 2921.37 2847.60 2816.61
5.00 24.68 1.16 27.43 22.58 24.52 20.07 0.97 22.46 18.25 19.99 527.14 0.97 0.40 99.89 2893.42 2791.23 2681.17 2851.73 1861.77 2508.96
1.00 4.43 0.80 5.00 2.31 4.75 3.97 0.71 4.48 2.08 4.25 38.41 0.98 0.00 22.98 745.02 708.34 40.62 475.80 6.40 0.00
0.00 1.96 0.37 2.68 1.51 1.77 1.69 0.40 2.47 1.29 1.47 65.61 0.98 0.07 13.07 1606.33 1643.93 1629.63 1423.49 1504.66 1411.26
0.00 3.44 1.36 6.30 1.76 3.03 3.23 1.35 6.07 1.63 2.69 67.28 0.98 4.68 12.87 1192.59 1919.12 1823.53 1371.90 1231.60 1617.24
0.00 2.99 0.14 3.64 2.78 2.97 2.76 0.15 3.46 2.53 2.74 57.54 0.99 0.17 14.31 1248.81 1174.45 1286.82 1224.67 1551.01 1633.25
0.00 2.37 0.49 3.17 1.14 2.42 2.21 0.47 2.97 1.09 2.25 40.35 0.99 0.00 12.77 812.56 628.99 911.65 902.28 769.62 899.85
9.00 26.40 4.25 38.07 16.22 26.12 21.70 3.48 31.93 13.36 21.47 1848.02 0.92 8.34 102.39 2456.30 2555.72 2529.34 2510.16 2586.42 2697.87
9.00 33.67 7.26 47.20 14.88 35.56 27.44 6.10 38.91 11.52 29.00 1193.25 0.96 1.62 114.03 2851.93 2848.52 2815.71 2797.83 2801.54 2821.92
9.00 27.34 4.13 36.13 16.44 27.46 21.62 3.47 29.21 12.44 21.64 1420.39 0.96 2.41 126.69 2723.16 2780.33 2932.49 2905.29 2831.94 2885.97
9.00 26.36 4.36 35.71 15.44 26.45 21.22 3.87 29.68 11.59 21.25 1174.60 0.96 6.30 116.71 2918.79 2681.35 2740.23 2703.51 2725.40 2933.22
7.00 19.34 3.24 26.86 10.87 20.52 15.96 2.86 22.39 8.35 16.96 470.57 0.97 1.33 85.02 3092.31 2791.32 2775.06 2728.56 2814.83 2805.92
9.00 19.08 2.75 25.40 15.25 18.25 16.04 2.30 21.49 12.91 15.38 312.62 0.97 0.62 72.68 2640.75 2722.63 2759.39 2788.49 2815.46 2836.01
9.00 20.14 3.64 30.49 8.96 20.43 17.85 3.23 26.69 7.92 18.14 730.49 0.96 0.78 63.36 1574.94 1606.43 1591.87 1551.21 2081.05 2288.87
8.00 31.10 2.69 36.55 24.39 31.11 24.72 1.86 28.91 19.84 24.73 906.04 0.96 1.11 120.81 3218.10 3253.86 3382.36 3164.72 3241.54 3318.21
1.00 33.37 2.11 38.61 29.40 32.95 30.30 2.03 35.03 26.44 29.91 178.53 0.99 0.26 53.72 533.12 6.95 11.56 548.00 579.89 10.78
5.00 22.83 1.18 25.12 19.75 23.05 17.46 1.02 19.50 14.78 17.61 484.01 0.98 0.06 121.01 2183.31 2736.50 3027.11 3004.91 2341.12 3337.92
6.00 23.83 1.05 26.54 20.84 23.86 19.50 0.88 21.83 16.93 19.54 413.35 0.97 0.01 93.07 2220.41 2329.98 2114.45 2274.95 1954.10 2819.29
7.00 20.17 1.71 24.08 16.22 20.21 15.93 1.29 18.97 13.07 15.87 738.53 0.96 0.10 101.79 2656.74 3294.18 3296.70 3235.22 3369.42 3178.24
8.00 19.77 2.19 26.00 15.64 19.51 15.99 1.81 20.92 12.62 15.82 844.45 0.96 1.27 102.16 3425.22 3425.09 2944.97 3481.90 3408.50 3242.88
7.00 21.03 1.93 27.37 16.85 20.93 17.23 1.59 22.45 13.68 17.13 869.30 0.97 2.80 81.14 3111.69 3064.17 2860.35 2879.80 2462.37 2434.84
9.00 26.62 2.59 35.11 21.47 26.44 20.36 2.05 27.94 15.93 20.26 1128.15 0.96 2.16 130.00 3253.32 3529.45 3674.14 3647.48 3562.39 3399.47
8.00 20.59 2.69 29.70 16.68 20.18 16.78 2.04 23.82 13.71 16.56 908.38 0.96 1.38 96.69 3087.87 3154.65 3444.62 3394.87 3452.15 3364.00
9.00 29.36 2.41 37.97 24.67 29.42 26.43 2.09 33.76 22.24 26.45 913.43 0.96 0.04 83.90 2455.71 2442.70 2415.01 1847.69 2480.26 2470.36
7.00 22.03 2.05 29.65 18.47 21.98 18.36 1.86 25.28 15.18 18.34 865.29 0.97 2.19 90.95 2488.76 2720.57 3201.74 2985.07 2845.55 3021.48
6.00 23.47 2.40 29.78 19.37 23.07 17.07 1.68 21.58 14.27 16.77 697.40 0.97 0.79 141.17 3624.68 3580.79 3591.54 3714.70 3614.84 2967.73
6.00 18.65 0.79 21.10 17.29 18.65 13.41 0.58 15.27 12.37 13.38 678.45 0.96 0.14 126.25 3433.93 3450.75 3510.17 3493.73 3462.60 3436.74
6.00 20.43 1.36 23.21 17.30 20.58 16.48 1.18 19.27 13.88 16.51 541.36 0.97 0.02 104.72 2680.79 2363.72 2729.25 3002.29 2337.10 3289.52
4.00 20.97 1.21 23.56 14.36 21.11 16.68 0.91 18.89 11.76 16.77 451.17 0.98 0.32 108.60 2484.95 2124.89 1832.38 2320.22 2494.26 2529.62
8.00 24.35 2.51 31.01 18.46 24.93 18.56 1.99 23.91 13.86 19.05 1076.42 0.96 0.40 127.35 3434.21 3279.85 2582.76 2808.51 3175.04 3047.47
7.00 18.14 1.85 23.65 14.21 18.12 15.13 1.51 19.58 11.83 15.11 565.38 0.96 0.44 88.92 3469.81 3390.29 3539.21 3626.33 3538.99 3361.58
7.00 26.55 3.18 33.03 20.78 26.86 20.55 2.43 25.86 16.06 20.68 866.01 0.96 0.07 125.09 3376.87 3318.48 3329.81 3368.51 3351.79 3353.27
8.00 15.69 4.01 26.00 8.27 16.83 12.51 3.10 20.26 6.50 13.42 884.32 0.95 0.16 96.02 3569.86 3500.75 3505.89 3191.00 3152.94 3551.65
7.00 19.83 1.87 27.24 16.08 19.55 16.73 1.51 22.66 13.61 16.55 666.34 0.96 0.98 89.32 2811.01 3447.00 3563.41 3544.57 3231.85 3046.88
4.00 7.00 1.88 9.88 0.23 7.59 5.11 1.69 7.87 0.14 5.56 550.55 0.97 2.74 57.79 2537.02 3298.87 3121.48 2635.85 3254.69 3116.56
2.00 19.28 4.36 23.34 9.61 21.81 18.37 4.26 22.18 8.82 20.82 212.63 0.98 0.03 35.45 1071.28 1127.00 925.74 1152.97 889.66 1204.06
6.00 16.98 1.39 20.31 14.12 16.65 13.88 1.25 16.97 11.30 13.57 579.47 0.96 0.25 99.77 2652.30 2468.35 2612.41 2568.75 2494.25 2574.86
1.00 7.24 0.42 8.20 6.25 7.28 6.45 0.42 7.44 5.46 6.48 125.88 0.98 0.10 26.91 764.67 953.25 927.87 644.25 1211.88 674.14
2.00 16.84 0.24 17.55 16.48 16.78 14.98 0.22 15.63 14.64 14.93 167.35 0.98 0.20 61.18 2032.37 1941.60 1942.98 1870.76 1763.56 1855.85
6.00 19.19 2.75 22.43 9.41 19.46 15.74 2.05 18.47 8.67 15.87 597.77 0.96 0.22 91.03 1204.33 2306.53 2533.61 2559.81 2494.51 2534.75
6.00 16.49 1.22 19.28 14.43 16.08 13.15 1.08 15.85 11.54 12.80 791.99 0.97 0.28 112.06 2793.61 2713.71 2874.47 2804.39 2771.56 2775.13
3.00 16.89 0.52 18.43 16.05 16.76 14.84 0.47 16.24 14.09 14.73 203.53 0.98 0.25 62.62 1277.41 1335.78 1134.26 1480.69 1389.76 1168.43
3.00 11.00 1.20 14.69 9.19 10.82 9.91 1.02 12.85 8.22 9.84 264.11 0.98 0.46 42.65 1995.13 2167.56 2170.29 2166.60 2155.50 2093.42
1.00 14.16 0.10 14.31 13.97 14.19 12.48 0.08 12.60 12.31 12.52 100.23 0.99 0.00 42.48 10.33 9.62 137.21 81.58 516.25 44.04
1.00 11.17 0.24 11.92 10.73 11.18 9.75 0.20 10.35 9.37 9.75 112.06 0.99 0.01 43.43 793.43 935.56 1054.63 1075.05 1087.54 890.17
2.00 7.91 0.26 8.48 7.41 7.92 6.71 0.27 7.24 6.22 6.70 136.72 0.98 0.11 36.00 852.51 802.90 723.07 771.46 899.12 1077.13
1.00 11.47 0.36 12.44 10.85 11.46 10.02 0.33 10.91 9.45 10.00 97.14 0.99 0.03 41.64 569.02 786.96 536.97 299.26 730.67 911.33
1.00 8.08 0.30 8.49 7.56 7.97 6.88 0.29 7.27 6.44 6.74 94.02 0.99 0.00 37.84 573.28 449.51 484.25 312.33 48.36 80.32
1.00 14.93 0.10 15.17 14.76 14.91 13.21 0.09 13.44 13.06 13.19 118.60 0.99 0.16 42.32 448.14 369.26 306.57 443.80 287.04 278.61
1.00 7.46 1.23 9.30 5.66 6.86 6.65 1.18 8.40 4.99 6.06 124.16 0.99 0.10 34.73 475.70 580.50 1978.05 2180.76 2062.78 1979.63
0.00 5.35 0.22 6.00 5.14 5.29 4.54 0.18 5.03 4.30 4.51 68.95 0.99 0.01 20.04 263.16 279.17 934.17 1309.58 1284.84 1225.05
1.00 8.78 0.15 9.12 8.53 8.77 7.63 0.10 7.87 7.43 7.62 86.67 0.98 0.00 34.33 343.55 298.14 284.03 245.15 685.19 184.71
0.00 6.13 0.45 6.93 5.08 6.13 5.46 0.44 6.22 4.32 5.50 106.43 0.99 0.11 20.17 872.80 767.87 859.85 796.96 522.34 938.88
1.00 13.85 0.16 14.14 13.48 13.86 12.26 0.14 12.55 11.94 12.26 116.24 0.99 0.02 41.16 362.37 268.28 211.80 171.26 254.47 146.15
2.00 8.48 0.56 9.46 7.09 8.62 7.35 0.56 8.28 5.97 7.52 159.55 0.98 0.01 42.43 2022.20 1934.50 1865.90 1802.62 1751.40 1412.89
9.00 8.20 1.07 10.92 6.57 8.23 5.14 1.05 8.30 3.86 4.90 1221.04 0.94 6.53 86.27 3198.37 4736.34 3100.27 3930.25 3673.76 2591.53
9.00 22.70 1.10 24.87 19.90 22.74 20.48 0.97 22.20 18.04 20.55 761.49 0.93 0.01 82.23 4675.48 5304.38 4271.25 3722.87 2022.79 3791.29
3.00 21.69 10.61 30.55 0.00 26.68 20.55 10.06 29.00 0.00 25.32 330.87 0.98 0.66 34.80 25.80 1016.98 1251.46 1131.63 1167.36 1104.91
2.00 8.48 0.37 9.70 7.98 8.43 7.31 0.32 8.40 6.89 7.24 102.38 0.98 1.95 38.55 1690.72 1754.92 1768.62 1788.82 1790.96 1794.48
7.00 25.30 3.67 29.42 6.95 25.95 22.24 3.12 25.67 6.46 22.72 663.66 0.96 1.72 73.41 788.62 1711.24 1667.09 1724.35 1690.57 1734.94
5.00 21.72 0.82 24.12 20.38 21.52 18.64 0.66 20.55 17.59 18.49 435.25 0.97 0.03 83.84 1210.00 1584.93 1692.53 1392.88 1509.01 1208.25
3.00 14.04 1.33 15.67 5.62 14.24 12.27 1.18 13.55 4.87 12.43 370.97 0.98 7.82 71.75 1061.65 1116.14 1312.61 1272.34 1212.78 1047.22
2.00 14.47 0.35 15.46 13.77 14.47 13.85 0.33 14.78 13.18 13.84 134.43 0.99 0.11 29.16 384.65 535.16 511.63 561.45 468.24 428.39
2.00 18.15 3.50 22.98 11.64 18.68 16.37 2.81 20.10 10.87 17.04 269.05 0.98 0.37 52.89 2106.48 2010.76 1956.74 1963.62 1965.23 1906.32
6.00 22.11 0.95 24.20 20.53 21.92 21.12 0.92 23.17 19.62 20.98 482.38 0.97 0.10 39.87 841.23 804.86 819.67 781.61 1085.00 813.51
0.00 7.55 0.17 7.85 7.27 7.56 7.19 0.20 7.61 6.85 7.23 38.01 0.99 0.01 21.17 558.09 508.75 535.11 504.47 516.86 420.91
2.00 14.25 0.36 15.27 13.63 14.21 12.43 0.30 13.25 11.91 12.36 238.81 0.98 0.03 73.79 1079.13 983.00 876.72 939.24 1025.72 855.09
3.00 25.31 0.41 26.69 24.71 25.23 21.79 0.39 22.97 21.23 21.71 285.46 0.98 0.02 75.54 926.72 852.98 887.85 815.54 1184.50 719.72
2.00 10.00 0.55 11.40 8.67 10.00 9.11 0.54 10.36 7.74 9.18 203.29 0.98 0.14 41.33 1980.30 1925.17 1931.69 2041.18 2143.07 2041.68
2.00 9.18 0.64 10.65 7.86 9.15 8.05 0.66 9.34 6.49 8.11 211.59 0.98 0.22 59.43 2173.74 2011.49 2174.51 2179.90 2102.57 2085.04
2.00 16.67 0.51 18.14 15.48 16.53 15.18 0.49 16.50 13.88 15.07 192.76 0.99 0.11 64.46 697.43 588.52 563.35 652.53 944.65 700.59
0.00 6.37 0.24 6.88 5.96 6.37 6.05 0.23 6.51 5.65 6.05 44.88 0.99 0.00 19.41 396.03 291.26 313.04 465.05 399.73 402.47
2.00 16.78 0.60 18.15 15.65 16.65 15.37 0.59 16.73 14.18 15.21 225.90 0.99 0.18 64.36 958.72 945.07 931.20 809.86 817.87 708.09
5.00 20.19 0.61 21.36 18.95 20.13 17.89 0.51 18.79 16.88 17.79 520.40 0.97 4.66 65.88 1332.77 1274.23 1192.70 1219.63 1173.88 1206.23
0.00 5.02 0.11 5.31 4.83 5.00 4.74 0.11 5.01 4.55 4.71 35.67 0.99 0.02 15.63 22.18 23.90 56.52 84.23 45.34 32.92
5.00 9.53 1.06 11.35 7.04 9.71 8.46 1.00 10.25 6.01 8.65 289.05 0.96 1.72 42.71 1891.08 1845.24 1825.69 1272.48 1885.67 1625.34
2.00 9.79 3.54 15.45 5.18 7.95 8.00 2.99 12.68 3.90 6.49 259.22 0.98 1.10 47.20 2437.47 2584.99 2624.26 2645.63 2814.02 2844.58
9.00 41.11 4.61 60.51 31.84 40.71 32.71 3.56 47.55 25.46 32.36 1705.98 0.84 39.94 139.56 3185.15 3064.50 3101.07 3132.59 3162.51 3151.67
0.00 4.71 0.09 4.93 4.51 4.71 3.71 0.11 3.90 3.50 3.68 16.11 0.99 0.00 9.49 499.17 324.98 427.09 168.76 735.74 338.02
1.00 11.87 0.64 14.34 10.66 11.85 11.35 0.64 13.79 10.13 11.36 101.82 0.98 0.44 23.99 1917.37 1926.15 1576.38 1442.36 1205.38 1596.36
0.00 4.93 0.10 5.21 4.74 4.92 4.47 0.11 4.78 4.27 4.47 20.89 0.99 0.01 13.19 79.43 96.59 189.20 127.79 125.09 26.37
2.00 14.87 1.32 15.97 4.91 14.63 13.47 1.19 14.42 4.43 13.26 136.44 0.98 0.00 62.41 448.00 238.26 649.66 697.06 106.71 28.69
6.00 4.66 0.29 5.49 4.23 4.64 3.18 0.25 3.82 2.80 3.15 549.02 0.95 6.39 58.02 3143.52 3135.47 3084.05 3094.07 3116.06 3132.81
9.00 33.72 6.30 47.76 22.26 33.34 28.75 4.90 40.15 19.65 28.27 1567.82 0.93 2.97 110.89 3008.52 3026.81 3007.52 3004.90 2980.02 3034.12
4.00 22.27 3.04 28.78 16.87 22.47 15.23 1.77 19.16 12.00 15.36 335.66 0.98 5.39 143.90 3140.03 3150.38 3135.81 3152.27 3148.53 3132.83
4.00 6.32 3.54 20.66 2.21 5.66 5.16 3.19 17.77 1.56 4.61 671.02 0.97 1.72 40.93 2877.08 1989.66 2105.49 2974.61 2793.24 2832.74
9.00 30.41 12.83 55.28 10.44 33.64 23.43 8.79 38.41 8.78 25.86 1839.30 0.88 14.05 132.52 3120.08 3111.48 2999.02 3137.99 3182.24 3103.72
9.00 31.48 2.29 36.34 27.26 31.72 26.01 2.09 30.20 22.26 26.05 1338.04 0.95 0.08 108.46 2611.82 2616.72 2772.45 2225.88 2579.92 2328.92
9.00 40.14 6.84 52.73 28.57 42.03 35.29 6.16 46.67 25.20 36.55 1363.04 0.95 8.39 100.56 2867.17 2588.81 2622.18 2956.13 2886.84 2788.92
8.00 9.75 2.54 13.47 4.96 10.36 7.85 2.54 12.34 3.32 7.92 1122.27 0.94 1.38 83.42 3139.27 3127.31 3106.16 3093.09 3176.95 3025.70
4.00 14.18 1.25 19.58 12.27 13.94 11.31 1.28 16.84 9.59 11.03 332.06 0.97 2.19 94.88 2814.62 2462.78 2919.54 2930.00 2887.19 2874.97
1.00 13.06 0.72 15.09 11.04 12.97 12.47 0.71 14.51 10.53 12.38 172.82 0.98 1.02 54.51 2389.95 2269.87 2128.79 2266.25 2226.80 2227.42
5.00 17.97 2.65 23.97 14.62 16.89 15.96 2.66 22.17 12.60 14.95 792.87 0.97 4.99 55.97 2369.26 2269.87 2128.79 2298.28 2098.44 2222.80
6.00 24.02 4.63 31.30 18.47 21.65 21.35 4.68 28.49 16.01 18.72 938.65 0.97 3.40 70.25 2494.07 2487.83 2395.88 2428.01 2389.56 2303.10
6.00 16.51 3.14 19.49 8.40 18.50 14.04 3.14 16.93 6.06 16.01 756.23 0.96 15.12 42.40 2707.32 2715.03 2650.81 2806.08 2662.40 2776.01
6.00 15.80 2.67 18.12 6.77 16.86 13.32 3.13 15.78 3.45 14.69 729.05 0.96 2.32 44.71 2695.57 2670.08 2717.89 2684.88 2820.47 2805.59
9.00 32.20 1.87 36.68 29.33 32.22 28.32 1.53 31.95 25.95 28.25 1085.89 0.93 13.01 78.00 2770.24 2765.01 2757.77 2762.44 2698.65 2790.90
6.00 20.83 2.97 26.91 13.54 20.52 18.31 2.33 22.61 11.87 18.34 531.29 0.95 3.52 60.91 2807.56 2578.99 2577.98 2157.18 2618.29 2706.72
6.00 20.06 1.56 22.57 14.11 20.39 18.02 1.46 20.48 12.45 18.33 650.44 0.95 7.44 52.20 2587.38 2583.87 2445.25 2410.64 2466.11 2580.94
5.00 26.39 5.74 36.15 13.19 23.94 23.79 5.41 32.84 11.14 21.51 507.36 0.96 3.70 54.74 2270.28 2372.17 2130.58 1934.53 1955.31 1290.31
4.00 24.61 2.97 29.98 20.20 24.44 22.66 2.48 27.28 18.89 22.44 302.53 0.98 0.55 62.12 1767.64 2147.82 2221.93 2170.86 2049.47 1926.26
3.00 17.27 1.81 21.38 12.83 17.55 16.34 1.83 20.37 11.86 16.66 244.34 0.97 1.30 35.38 1408.93 1651.25 1578.52 1632.09 1613.89 1932.91
4.00 21.08 1.43 23.32 17.58 21.30 18.78 1.25 20.67 15.67 18.96 444.85 0.98 1.07 58.42 2133.39 2166.02 2174.28 2152.67 2152.76 2173.31
4.00 12.18 0.86 14.26 9.79 12.25 10.99 0.90 13.12 8.75 11.05 293.64 0.96 1.28 45.69 1975.44 1665.51 1798.54 1998.72 2037.82 1945.80
2.00 13.37 2.23 19.04 8.06 13.97 13.09 2.11 18.55 7.90 13.67 213.07 0.98 0.88 22.95 956.91 1025.49 1349.56 1198.75 1535.13 1387.59
2.00 13.14 0.85 16.32 11.87 12.93 12.19 0.82 15.31 10.93 11.99 178.01 0.98 0.09 42.70 1770.49 1513.48 1750.66 1801.18 1745.84 1840.83
0.00 6.89 1.14 8.46 5.11 6.81 6.65 1.04 8.02 5.00 6.56 69.26 0.99 0.44 11.77 913.95 1309.70 1351.33 981.30 1155.04 1067.71
0.00 4.40 0.57 5.99 3.86 4.24 4.02 0.50 5.48 3.51 3.82 53.08 0.99 0.09 18.96 1400.19 1508.43 798.75 1005.62 883.23 670.69
3.00 7.94 4.40 21.54 2.84 5.72 7.06 3.66 18.53 2.64 5.29 150.07 0.98 0.80 32.67 2184.41 2084.54 1789.20 1518.09 1642.04 1408.81
1.00 9.52 2.44 13.64 5.31 10.12 8.66 2.22 12.50 4.91 9.18 176.74 0.98 0.26 36.54 1735.26 1900.11 1944.87 1913.86 1872.42 1751.54
3.00 17.19 1.14 20.19 14.37 17.20 15.65 0.98 18.32 13.31 15.66 247.42 0.97 0.29 49.88 1503.95 1597.17 1786.30 1846.28 1880.54 1701.51
5.00 21.47 1.36 25.28 19.05 21.55 19.33 1.28 23.03 17.04 19.35 394.69 0.97 0.35 61.19 1938.46 1924.70 1980.77 2050.05 2059.41 1965.67
1.00 11.56 1.29 15.15 8.21 11.12 10.61 1.01 13.51 7.40 10.37 208.90 0.98 0.16 40.50 1063.55 1293.58 1399.04 1397.04 1611.91 1829.71
0.00 11.44 1.85 13.59 6.94 11.69 11.53 1.92 13.79 6.93 11.67 49.75 1.00 0.08 2.71 46.70 63.49 86.25 30.50 46.28 76.97
5.00 24.40 3.25 29.44 16.92 25.25 22.10 2.93 26.74 15.21 22.82 730.98 0.97 15.99 71.94 2732.84 2440.11 2236.55 2099.71 2284.94 2647.85
5.00 32.11 4.18 39.26 18.55 32.76 27.08 3.29 32.72 16.22 27.77 943.56 0.97 4.46 102.16 2553.77 2459.48 2745.16 2785.42 2749.83 3552.91
6.00 28.06 2.71 32.75 20.98 28.75 23.76 2.06 27.23 18.29 24.26 993.60 0.97 1.86 101.28 2488.86 1999.90 2579.31 1896.26 2229.39 1908.77
6.00 26.63 4.42 34.00 14.07 27.37 23.08 3.68 29.78 12.15 23.39 1081.98 0.97 11.29 88.87 2728.75 3177.40 3139.85 2573.78 2657.39 2397.71
7.00 28.99 6.08 48.27 18.91 26.93 25.07 5.28 42.12 16.60 23.37 1084.24 0.97 18.76 94.78 2746.31 2727.90 3481.47 3506.14 3236.29 3488.98
5.00 30.43 6.16 34.49 2.45 32.14 26.81 5.65 30.59 1.41 28.31 720.03 0.98 6.10 78.46 1728.52 2761.21 1567.67 1866.26 1742.96 1864.23
7.00 51.79 2.03 56.58 47.93 51.39 41.91 1.74 46.13 38.50 41.63 899.69 0.97 1.95 115.09 2902.39 3534.73 2592.16 2677.96 2757.79 3251.50
4.00 31.92 6.96 42.73 2.08 31.17 26.29 5.78 35.17 1.28 25.97 790.21 0.98 8.86 114.56 1727.90 1944.40 2961.71 2398.45 2059.01 2734.94
1.00 36.56 9.46 47.40 4.82 39.71 35.04 9.17 44.98 4.01 38.21 379.20 0.99 1.68 40.97 3125.14 2062.34 2780.01 2264.87 2364.29 1446.69
2.00 6.06 0.55 7.34 5.08 5.99 5.32 0.55 6.60 4.34 5.25 169.02 0.98 0.45 38.84 1749.68 1809.40 1849.40 1852.43 1871.09 1878.46
2.00 9.35 0.40 10.19 8.58 9.31 8.80 0.35 9.55 8.12 8.76 166.59 0.98 0.20 37.07 1105.51 1385.44 1291.03 1252.13 1438.39 1080.62
1.00 9.34 0.37 10.11 8.58 9.32 8.77 0.33 9.46 8.09 8.76 153.95 0.98 0.09 38.21 1558.06 1534.76 1659.67 1668.07 1433.70 1396.78
3.00 11.89 0.50 12.92 10.69 11.85 11.11 0.47 12.07 9.96 11.12 190.78 0.97 0.46 39.88 1754.31 1808.39 1845.12 1686.28 1844.44 1834.09
4.00 16.12 0.33 16.89 15.54 16.02 14.22 0.30 14.94 13.70 14.12 165.04 0.97 0.04 61.11 609.57 634.04 571.48 685.00 628.44 615.81
3.00 16.70 2.82 19.72 13.13 18.79 15.10 2.41 17.67 12.05 16.90 300.24 0.98 0.18 66.95 1107.28 1054.42 1051.04 1308.09 1164.65 1157.48
2.00 11.73 0.41 12.76 11.02 11.73 10.18 0.32 11.04 9.59 10.19 146.24 0.98 0.01 53.94 997.64 738.55 753.78 571.92 914.04 658.46
2.00 11.91 0.86 13.92 10.03 11.88 10.25 0.51 11.63 9.10 10.15 178.73 0.97 0.09 53.72 470.65 584.78 975.39 764.42 514.46 489.23
2.00 10.93 0.51 11.87 9.64 10.86 9.44 0.54 10.45 8.02 9.41 192.03 0.99 0.09 51.44 1191.89 1193.52 1170.14 1168.70 1070.57 1052.20
3.00 17.36 3.79 21.00 9.06 19.45 14.51 3.00 17.36 7.58 16.09 298.87 0.98 0.38 66.53 513.17 1032.79 697.73 663.78 707.95 882.67
1.00 11.56 0.27 12.44 11.23 11.51 11.01 0.26 11.85 10.68 10.98 100.81 0.99 0.01 36.13 1159.48 1168.60 900.48 1103.10 1055.21 968.97
2.00 15.41 0.23 15.89 15.07 15.32 14.04 0.21 14.47 13.75 13.97 150.13 0.98 0.02 61.93 903.49 888.98 846.92 832.48 858.86 790.46
3.00 31.34 0.19 31.94 31.07 31.30 28.05 0.11 28.44 27.87 28.03 211.97 0.98 0.02 71.53 280.47 256.96 251.67 276.83 308.06 244.33
3.00 30.09 0.64 32.09 28.40 29.98 27.15 0.61 29.01 25.52 27.06 255.26 0.97 0.03 70.50 1441.90 1489.56 1484.68 1484.95 1442.71 1532.37
9.00 45.56 7.96 69.69 0.00 44.96 38.22 5.72 53.98 0.00 37.92 1557.60 0.90 5.60 102.40 3665.06 3545.88 3573.87 3555.30 3605.80 3565.13
9.00 50.02 4.53 59.84 40.70 49.80 43.77 3.77 51.87 35.52 43.71 1509.16 0.95 12.46 88.25 3362.85 3140.01 3267.71 3072.50 3000.84 3410.50
9.00 49.97 4.33 62.03 41.04 50.21 42.24 3.84 53.36 35.02 42.30 1716.70 0.93 9.58 105.31 3457.02 3323.46 3391.86 3550.84 3306.45 3506.41
9.00 55.95 4.95 69.09 41.15 56.35 47.37 3.79 56.59 36.37 47.54 1534.58 0.95 19.69 105.01 3595.55 3748.14 3554.72 3503.75 3426.41 3295.11
8.00 45.93 2.14 51.85 40.22 45.94 38.21 1.88 42.65 33.29 38.21 913.01 0.96 0.62 114.84 2274.69 2215.85 3512.67 3466.19 3579.32 3685.83
9.00 34.62 1.84 40.51 30.53 34.12 29.07 1.58 33.91 25.76 28.57 836.65 0.93 2.81 96.28 2808.15 3215.30 3441.73 3318.42 3232.55 3056.02
8.00 45.44 2.12 50.97 40.02 45.41 38.45 1.86 43.50 33.83 38.38 1028.11 0.96 0.21 114.55 3502.39 3036.86 3113.75 3022.03 3075.76 3230.92
9.00 52.25 4.21 67.45 44.58 51.64 42.10 3.27 53.95 36.39 41.20 1479.34 0.96 4.75 130.79 3131.41 3407.52 3671.73 3592.46 3143.25 3408.99
9.00 49.47 4.23 58.83 40.31 48.53 41.67 3.54 50.21 33.55 41.02 1764.80 0.92 2.98 104.14 3199.67 3386.33 3406.79 3356.02 3341.01 3345.60
9.00 41.18 7.23 56.76 29.05 40.22 35.23 5.82 47.73 24.99 34.76 1520.01 0.91 2.48 103.71 3567.55 3468.09 3479.98 3340.18 3452.86 3584.97
2.00 11.75 2.21 14.98 5.96 12.12 10.96 2.20 14.19 5.47 11.33 297.01 0.98 0.36 44.87 2293.96 2366.59 2515.11 2478.95 2278.10 2373.69
6.00 25.97 2.34 30.92 20.34 26.06 21.22 1.89 25.28 16.67 21.21 449.58 0.96 0.32 87.91 2343.21 2113.39 2805.21 2139.78 2247.99 2195.70
9.00 35.34 4.69 49.10 28.17 34.25 31.30 3.98 43.47 25.13 30.43 1045.39 0.95 1.27 84.88 2756.96 2679.62 2542.93 2343.70 2219.52 2348.55
7.00 29.65 1.36 33.75 27.15 29.40 24.46 1.24 27.98 21.76 24.23 762.07 0.97 0.32 106.47 2511.04 2719.31 2815.31 2783.80 2658.56 2722.30
8.00 17.99 1.66 21.62 14.73 18.02 15.24 1.59 18.88 12.27 15.26 564.50 0.97 0.65 101.80 2158.52 2243.30 2980.98 2240.10 2219.39 2902.51
4.00 28.39 1.32 31.95 25.28 28.08 25.11 1.20 28.27 22.33 24.82 340.38 0.97 0.82 80.47 2373.13 2587.23 2024.56 2024.64 2701.11 2711.49
9.00 40.03 9.89 54.31 9.10 42.86 33.97 7.97 44.86 8.18 36.08 1460.47 0.94 13.27 101.20 2436.13 2486.65 2451.72 2450.25 2133.61 2827.73
4.00 10.13 1.10 12.32 6.42 10.25 8.67 1.02 10.73 5.17 8.80 316.25 0.97 0.43 65.71 2407.76 2394.96 2465.10 2398.02 2375.55 2505.94
2.00 18.02 2.74 21.66 12.40 18.71 15.88 2.85 19.44 9.93 16.59 217.72 0.98 0.78 76.51 2621.56 2514.17 2279.72 2122.41 2521.80 2693.78
4.00 13.40 0.74 15.07 12.09 13.41 11.74 0.78 13.52 10.47 11.74 339.56 0.97 1.24 63.74 2711.98 2785.69 2752.83 2706.68 2753.68 2739.06
7.00 25.73 1.47 30.32 22.58 25.50 20.71 1.21 24.59 18.37 20.52 587.07 0.96 0.12 80.31 2253.79 1992.69 2296.27 2530.52 1982.06 1940.38
4.00 17.62 6.07 24.32 0.00 19.63 14.96 5.32 21.18 0.00 16.60 625.17 0.97 4.47 79.99 827.81 2822.66 2832.24 2924.58 2849.04 2828.27
3.00 17.29 1.93 22.54 14.18 16.67 15.04 1.76 19.69 12.07 14.54 357.88 0.98 2.60 76.16 2718.25 2757.60 2757.76 2756.81 2734.51 2667.06
5.00 27.81 1.20 30.75 25.07 27.51 23.28 1.09 25.91 20.91 23.02 543.80 0.97 0.08 91.21 2213.98 2148.52 2476.96 2256.29 2314.92 2449.56
5.00 27.48 0.84 30.14 25.60 27.39 23.21 0.76 25.55 21.57 23.14 432.45 0.97 0.02 86.86 2105.33 1801.20 1936.00 1880.61 1915.31 1980.24
8.00 33.22 1.68 37.33 29.74 33.04 28.93 1.47 32.57 25.96 28.76 830.23 0.96 1.14 94.65 2711.04 2642.50 2451.31 2593.78 2554.42 2558.95
7.00 30.15 1.61 34.55 27.30 30.02 25.31 1.36 28.97 22.94 25.10 838.40 0.97 1.06 106.13 2488.42 2814.58 2867.20 2808.45 2698.03 2531.04
7.00 26.85 1.67 30.25 21.78 26.97 22.72 1.39 26.99 19.43 22.77 792.92 0.96 0.97 91.12 2745.06 2657.03 2463.72 2607.74 2797.67 2639.79
9.00 33.98 2.14 41.70 29.94 34.11 28.68 1.73 34.97 25.53 28.63 1051.77 0.96 4.53 104.65 2959.85 2901.82 2845.61 1459.81 1469.19 1602.97
9.00 14.48 3.13 20.85 5.78 15.36 12.58 2.86 17.92 4.70 13.47 609.45 0.95 6.44 63.08 2568.60 2577.50 2391.50 2338.71 2223.85 2369.35
8.00 25.64 8.86 41.22 6.94 24.99 22.97 7.91 36.76 6.18 22.04 1567.12 0.96 32.16 68.84 2773.33 2835.31 2764.38 2248.94 2634.36 2574.28
0.00 6.29 2.33 8.78 3.04 7.08 5.91 2.42 8.48 2.53 6.73 54.05 0.98 0.00 24.15 1133.98 1300.46 1036.46 1144.80 1630.41 1015.17
9.00 11.82 2.95 17.71 9.30 10.11 11.38 2.81 17.06 8.96 9.70 216.73 0.94 1.64 36.53 2655.67 2499.77 2536.21 2538.21 2386.52 2396.78
9.00 10.38 1.41 13.60 7.97 9.91 9.69 1.49 13.00 7.05 9.32 265.10 0.94 1.79 43.70 2932.80 2725.26 2847.73 2838.51 2726.55 2460.00
2.00 8.55 0.70 8.98 4.15 8.70 8.30 0.71 8.77 3.82 8.40 129.61 0.97 0.89 25.39 2320.35 2487.79 2344.42 2390.40 2332.90 2022.27
2.00 9.57 0.25 10.21 9.03 9.50 9.30 0.24 9.88 8.72 9.27 71.84 0.97 0.13 30.78 1994.14 2227.95 2078.73 2345.91 2526.46 2155.35
2.00 16.21 0.28 16.77 15.44 16.23 14.99 0.27 15.48 14.25 15.02 119.85 0.98 0.06 56.55 2289.05 1556.29 1677.26 1620.32 1992.98 2032.49
0.00 3.54 0.97 5.43 2.36 3.17 3.23 0.95 5.09 2.10 2.86 47.47 0.99 0.00 17.63 423.10 466.33 318.23 518.61 538.47 362.90
0.00 5.82 0.77 7.02 4.12 6.02 4.85 0.75 5.97 3.14 5.09 90.02 0.98 0.04 41.78 2515.40 1856.51 1684.45 1530.17 1874.96 2079.84
2.00 4.40 0.12 4.86 4.23 4.38 4.09 0.12 4.54 3.92 4.06 27.35 0.98 0.00 16.52 505.93 333.54 751.56 420.62 570.20 493.08
1.00 3.06 0.12 3.31 2.82 3.06 2.12 0.15 2.41 1.87 2.11 89.36 0.98 0.01 25.35 1951.51 2151.81 2345.86 2226.53 2080.34 2018.36
0.00 2.81 0.14 3.19 2.52 2.82 2.17 0.15 2.59 1.85 2.19 28.46 0.98 0.01 20.66 818.50 952.86 1369.22 932.69 1535.73 1950.37
0.00 3.68 0.59 4.61 2.63 3.90 3.20 0.63 4.18 2.05 3.47 35.65 0.98 0.01 20.71 1291.79 1321.62 1366.63 1197.10 1506.43 1366.85
0.00 4.25 0.77 5.84 2.94 4.14 3.31 0.79 4.88 2.01 3.23 76.41 0.98 0.01 38.06 1788.93 2288.21 1994.19 2153.64 2052.63 2215.84
9.00 8.13 0.56 9.07 6.74 8.29 6.31 0.41 7.10 5.29 6.37 161.10 0.93 0.03 37.81 1661.68 1436.62 1487.51 1759.81 1609.22 1306.15
7.00 13.05 0.43 14.15 12.29 13.00 12.14 0.24 12.87 11.68 12.10 222.70 0.95 0.18 55.70 2448.60 2575.37 2593.16 2612.38 2574.99 2649.23
4.00 21.15 3.89 28.08 12.66 21.45 20.78 3.80 27.30 12.65 20.64 239.65 0.96 0.92 25.13 2242.32 1807.40 1282.18 2273.60 2107.26 1417.87
4.00 14.18 1.09 16.82 10.99 14.34 13.76 1.03 16.33 10.78 13.88 400.00 0.96 1.57 36.80 2178.05 2295.76 2216.67 2581.41 2389.06 2175.69
7.00 11.39 1.14 14.45 9.18 11.12 11.19 1.22 14.71 9.47 10.71 782.14 0.94 11.52 40.38 2529.17 2409.53 2525.11 2448.70 2304.99 2251.29
1.00 14.08 2.34 18.37 10.27 13.60 13.11 1.76 16.44 9.94 13.12 303.80 0.98 4.58 46.72 2288.23 2339.72 2252.42 2300.85 2333.94 2387.99
5.00 39.30 1.76 42.76 34.03 39.45 33.71 1.56 36.88 30.01 33.88 759.23 0.98 6.70 99.33 2428.36 2422.34 2386.72 2417.07 2368.21 2383.80
